-1.684725284576416016e-03
-2.576571702957153320e-02
-4.984593391418457031e-02
-7.392656803131103516e-02
-9.800642728805541992e-02
-1.220859885215759277e-01
-1.461669206619262695e-01
-1.702475547790527344e-01
-1.943274140357971191e-01
-2.184001207351684570e-01
-2.423743605613708496e-01
-2.663496136665344238e-01
-2.903245091438293457e-01
-3.142994642257690430e-01
-3.382743597030639648e-01
-3.622500300407409668e-01
-3.862234950065612793e-01
-4.090645313262939453e-01
-4.302356839179992676e-01
-4.514061212539672852e-01
-4.725769162178039551e-01
-4.937480688095092773e-01
-5.149192214012145996e-01
-5.358933210372924805e-01
-5.565062761306762695e-01
-5.771203637123107910e-01
-5.970587730407714844e-01
-6.163683533668518066e-01
-6.356779932975769043e-01
-6.549861431121826172e-01
-6.742964982986450195e-01
-6.936061382293701172e-01
-7.109450101852416992e-01
-7.267561554908752441e-01
-7.425684332847595215e-01
-7.583803534507751465e-01
-7.741914987564086914e-01
-7.900037765502929688e-01
-8.058153390884399414e-01
-8.201164603233337402e-01
-8.333041071891784668e-01
-8.464913964271545410e-01
-8.593673706054687500e-01
-8.722321987152099609e-01
-8.843296170234680176e-01
-8.944551944732666016e-01
-9.045807719230651855e-01
-9.147063493728637695e-01
-9.248318672180175781e-01
-9.349574446678161621e-01
-9.450830221176147461e-01
-9.527710080146789551e-01
-9.587966203689575195e-01
-9.648211598396301270e-01
-9.708464145660400391e-01
-9.766982793807983398e-01
-9.816498160362243652e-01
-9.858579635620117188e-01
-9.898898601531982422e-01
-9.938070774078369141e-01
-9.965682029724121094e-01
-9.989302158355712891e-01
-1.000000000000000000e+00
-9.991466403007507324e-01
-9.982939362525939941e-01
-9.974405765533447266e-01
-9.965879321098327637e-01
-9.957345128059387207e-01
-9.943702816963195801e-01
-9.914103150367736816e-01
-9.884667992591857910e-01
-9.850798249244689941e-01
-9.789728522300720215e-01
-9.730049371719360352e-01
-9.671728014945983887e-01
-9.613406062126159668e-01
-9.554464817047119141e-01
-9.487068653106689453e-01
-9.405370354652404785e-01
-9.306540489196777344e-01
-9.204424619674682617e-01
-9.104605913162231445e-01
-9.006190896034240723e-01
-8.898329138755798340e-01
-8.774377107620239258e-01
-8.650422096252441406e-01
-8.526079654693603516e-01
-8.401347398757934570e-01
-8.265071511268615723e-01
-8.121240139007568359e-01
-7.977411746978759766e-01
-7.833580374717712402e-01
-7.689530253410339355e-01
-7.520810365676879883e-01
-7.352089881896972656e-01
-7.180095314979553223e-01
-7.012758255004882812e-01
-6.830499172210693359e-01
-6.636224389076232910e-01
-6.457136273384094238e-01
-6.267604827880859375e-01
-6.073620319366455078e-01
-5.878861546516418457e-01
-5.678005218505859375e-01
-5.476278066635131836e-01
-5.274426341056823730e-01
-5.058931112289428711e-01
-4.839542508125305176e-01
-4.618759751319885254e-01
-4.397976994514465332e-01
-4.177197813987731934e-01
-3.956415057182312012e-01
-3.731114268302917480e-01
-3.489903807640075684e-01
-3.262890577316284180e-01
-3.026165366172790527e-01
-2.795981764793395996e-01
-2.565851807594299316e-01
-2.326421141624450684e-01
-2.075380086898803711e-01
-1.838052272796630859e-01
-1.589640378952026367e-01
-1.347970962524414062e-01
-1.112664341926574707e-01
-8.571195602416992188e-02
-6.102013587951660156e-02
-3.703695535659790039e-02
-1.305347681045532227e-02
1.240074634552001953e-02
3.761231899261474609e-02
6.085681915283203125e-02
8.593726158142089844e-02
1.108659505844116211e-01
1.354480981826782227e-01
1.591871976852416992e-01
1.846002340316772461e-01
2.080062627792358398e-01
2.317519187927246094e-01
2.566994428634643555e-01
2.790560722351074219e-01
3.023241758346557617e-01
3.266226053237915039e-01
3.500272035598754883e-01
3.726586103439331055e-01
3.957005739212036133e-01
4.176700115203857422e-01
4.404189586639404297e-01
4.607617855072021484e-01
4.839119911193847656e-01
5.067186355590820312e-01
5.258959531784057617e-01
5.473576784133911133e-01
5.686216354370117188e-01
5.882157087326049805e-01
6.079158782958984375e-01
6.258454322814941406e-01
6.459109783172607422e-01
6.665949821472167969e-01
6.836253404617309570e-01
7.006556987762451172e-01
7.176860570907592773e-01
7.346390485763549805e-01
7.512290477752685547e-01
7.665930986404418945e-01
7.819572687149047852e-01
7.972962856292724609e-01
8.120168447494506836e-01
8.267529010772705078e-01
8.415168523788452148e-01
8.537347316741943359e-01
8.660653829574584961e-01
8.782291412353515625e-01
8.894535303115844727e-01
8.991099596023559570e-01
9.108779430389404297e-01
9.226458072662353516e-01
9.334048032760620117e-01
9.401540756225585938e-01
9.469033479690551758e-01
9.536522626876831055e-01
9.604017734527587891e-01
9.671467542648315430e-01
9.738533496856689453e-01
9.797517061233520508e-01
9.841071367263793945e-01
9.882302284240722656e-01
9.923542737960815430e-01
9.956320524215698242e-01
9.965218305587768555e-01
9.970189332962036133e-01
9.975156784057617188e-01
9.980123043060302734e-01
9.985092878341674805e-01
9.990061521530151367e-01
9.995034933090209961e-01
1.000000000000000000e+00
9.990844726562500000e-01
9.929356575012207031e-01
9.867873191833496094e-01
9.806387424468994141e-01
9.744902849197387695e-01
9.683418273925781250e-01
9.621932506561279297e-01
9.559437036514282227e-01
9.492623805999755859e-01
9.425802230834960938e-01
9.358986616134643555e-01
9.292168617248535156e-01
9.187048673629760742e-01
9.064562320709228516e-01
8.946683406829833984e-01
8.828803300857543945e-01
8.710914850234985352e-01
8.593037128448486328e-01
8.470361232757568359e-01
8.332536220550537109e-01
8.193165063858032227e-01
8.052675724029541016e-01
7.908940315246582031e-01
7.758767604827880859e-01
7.597725391387939453e-01
7.428561449050903320e-01
7.259396314620971680e-01
7.090232372283935547e-01
6.914849281311035156e-01
6.732454299926757812e-01
6.547383069992065430e-01
6.356418132781982422e-01
6.165227890014648438e-01
5.974041223526000977e-01
5.782854557037353516e-01
5.591664314270019531e-01
5.394214391708374023e-01
5.171841382980346680e-01
4.949468374252319336e-01
4.727090597152709961e-01
4.504714012145996094e-01
4.282337427139282227e-01
4.059042930603027344e-01
3.833999633789062500e-01
3.608946800231933594e-01
3.383893966674804688e-01
3.148006200790405273e-01
2.907487154006958008e-01
2.666971683502197266e-01
2.426451444625854492e-01
2.185935974121093750e-01
1.945409774780273438e-01
1.704893112182617188e-01
1.464370489120483398e-01
1.223851442337036133e-01
9.833347797393798828e-02
7.428121566772460938e-02
5.022931098937988281e-02
2.617692947387695312e-02
2.125740051269531250e-03
