1.893419325351715088e-01
1.172371432185173035e-01
1.339552551507949829e-01
9.200960397720336914e-02
1.113944500684738159e-01
8.781969547271728516e-02
5.761046707630157471e-02
5.227765440940856934e-02
5.251744389533996582e-02
4.952901229262351990e-02
4.198262095451354980e-02
3.849244862794876099e-02
4.120113700628280640e-02
3.491409122943878174e-02
3.143804147839546204e-02
3.067477047443389893e-02
2.806743048131465912e-02
2.739067375659942627e-02
2.713295072317123413e-02
2.463464811444282532e-02
2.761820890009403229e-02
2.566294558346271515e-02
2.218685299158096313e-02
2.269945666193962097e-02
2.120770141482353210e-02
2.039940282702445984e-02
2.125716581940650940e-02
2.088049426674842834e-02
1.921707764267921448e-02
1.797025464475154877e-02
1.863790862262248993e-02
1.887174323201179504e-02
1.723978482186794281e-02
1.916127651929855347e-02
1.777569949626922607e-02
1.680179312825202942e-02
1.730735041201114655e-02
1.769136078655719757e-02
1.665387488901615143e-02
1.542737707495689392e-02
1.515320688486099243e-02
1.525465678423643112e-02
1.472536846995353699e-02
1.437178999185562134e-02
1.408983394503593445e-02
1.393501646816730499e-02
1.430514082312583923e-02
1.335185766220092773e-02
1.343866065144538879e-02
1.296811643987894058e-02
1.302703469991683960e-02
1.278068497776985168e-02
1.276665274053812027e-02
1.307444274425506592e-02
1.300853304564952850e-02
1.279741898179054260e-02
1.250038575381040573e-02
1.284077670425176620e-02
1.246542204171419144e-02
1.201536320149898529e-02
1.217211689800024033e-02
1.219861861318349838e-02
1.219849102199077606e-02
1.169890165328979492e-02
1.195754576474428177e-02
1.159480959177017212e-02
1.165711227804422379e-02
1.190375536680221558e-02
1.157892961055040359e-02
1.143221370875835419e-02
1.127288490533828735e-02
1.157808583229780197e-02
1.129869092255830765e-02
1.128509081900119781e-02
1.141204684972763062e-02
1.154557522386312485e-02
1.134626474231481552e-02
1.131779607385396957e-02
1.118338108062744141e-02
1.104452461004257202e-02
1.109316758811473846e-02
1.084873452782630920e-02
1.083581987768411636e-02
1.104236859828233719e-02
1.100831571966409683e-02
1.087877433747053146e-02
1.087881810963153839e-02
1.080293301492929459e-02
1.070276275277137756e-02
1.075490098446607590e-02
1.083186361938714981e-02
1.076930947601795197e-02
1.091814506798982620e-02
1.061968971043825150e-02
1.094953343272209167e-02
1.080659031867980957e-02
1.055943965911865234e-02
1.063599530607461929e-02
1.074906345456838608e-02
1.060983166098594666e-02
1.066661160439252853e-02
1.101199816912412643e-02
1.072667725384235382e-02
1.064596325159072876e-02
1.060059014707803726e-02
1.072999462485313416e-02
1.065958663821220398e-02
1.081135775893926620e-02
1.055116951465606689e-02
1.038541924208402634e-02
1.042277459055185318e-02
1.042564678937196732e-02
1.035364903509616852e-02
1.040729880332946777e-02
1.069482136517763138e-02
1.045258902013301849e-02
1.048684213310480118e-02
1.053074467927217484e-02
1.067132689058780670e-02
1.049622800201177597e-02
1.044402364641427994e-02
1.042343489825725555e-02
1.052207034081220627e-02
1.043092831969261169e-02
1.045923307538032532e-02
1.034934259951114655e-02
1.024252362549304962e-02
1.018006168305873871e-02
1.028630789369344711e-02
1.043310109525918961e-02
1.043406780809164047e-02
1.055508293211460114e-02
1.083329319953918457e-02
1.037289481610059738e-02
1.043360587209463120e-02
1.038002409040927887e-02
1.031311973929405212e-02
1.032153982669115067e-02
1.023028884083032608e-02
1.028146781027317047e-02
1.027835253626108170e-02
1.049490272998809814e-02
1.050102338194847107e-02
1.053548417985439301e-02
1.049802638590335846e-02
1.043238025158643723e-02
1.047549862414598465e-02
1.041520945727825165e-02
1.042371988296508789e-02
1.077893748879432678e-02
1.038888655602931976e-02
1.081661507487297058e-02
1.056822855025529861e-02
1.053309813141822815e-02
1.050887815654277802e-02
1.046983804553747177e-02
1.053444854915142059e-02
1.052045356482267380e-02
1.037471089512109756e-02
1.040656585246324539e-02
1.037958450615406036e-02
1.039546821266412735e-02
1.042995508760213852e-02
1.041815429925918579e-02
1.041269395500421524e-02
1.039122976362705231e-02
1.044179126620292664e-02
1.055573299527168274e-02
1.050854008644819260e-02
1.065082941204309464e-02
1.070882380008697510e-02
1.068665366619825363e-02
1.047385390847921371e-02
1.044608745723962784e-02
1.064867340028285980e-02
1.065619103610515594e-02
1.068374328315258026e-02
1.054872479289770126e-02
1.041988562792539597e-02
1.060417760163545609e-02
1.051047630608081818e-02
1.046017929911613464e-02
1.068125478923320770e-02
1.054065302014350891e-02
1.052105706185102463e-02
1.072169654071331024e-02
1.064545754343271255e-02
1.062070950865745544e-02
1.060218829661607742e-02
1.061078812927007675e-02
1.060534175485372543e-02
1.063062995672225952e-02
1.057520322501659393e-02
1.057149190455675125e-02
1.051539648324251175e-02
1.071822363883256912e-02
1.062394119799137115e-02
1.059309951961040497e-02
1.055894140154123306e-02
1.035733800381422043e-02
1.041864324361085892e-02
1.051776297390460968e-02
1.047646254301071167e-02
1.048095896840095520e-02
1.062312256544828415e-02
1.063205394893884659e-02
1.063231006264686584e-02
1.069557201117277145e-02
1.071964018046855927e-02
1.078761648386716843e-02
1.062559243291616440e-02
1.054269634187221527e-02
1.053809747099876404e-02
1.063159573823213577e-02
1.062757149338722229e-02
1.063132286071777344e-02
1.086119934916496277e-02
1.052906922996044159e-02
1.054641231894493103e-02
1.184575725346803665e-02
1.173280924558639526e-02
1.052830647677183151e-02
1.057506632059812546e-02
1.050761342048645020e-02
1.058882288634777069e-02
1.046645175665616989e-02
1.058307662606239319e-02
1.066579483449459076e-02
1.066256593912839890e-02
1.059497334063053131e-02
1.067310664802789688e-02
1.069040689617395401e-02
1.059082243591547012e-02
1.056474447250366211e-02
1.058375556021928787e-02
1.070747803896665573e-02
1.088257599622011185e-02
1.063590776175260544e-02
1.063481066375970840e-02
1.055596489459276199e-02
1.098211668431758881e-02
1.069355104118585587e-02
1.085932366549968719e-02
1.089450344443321228e-02
1.084052119404077530e-02
1.071945298463106155e-02
1.067141070961952209e-02
1.074433512985706329e-02
1.069881301373243332e-02
1.071177236735820770e-02
1.075373031198978424e-02
1.065578591078519821e-02
1.048432104289531708e-02
1.055575348436832428e-02
1.057940162718296051e-02
1.071740500628948212e-02
1.061879005283117294e-02
1.069813314825296402e-02
1.060195546597242355e-02
1.070748176425695419e-02
1.060210354626178741e-02
1.069695875048637390e-02
1.054592244327068329e-02
1.056773494929075241e-02
1.055338326841592789e-02
1.067567802965641022e-02
1.116346381604671478e-02
1.054205466061830521e-02
1.051966007798910141e-02
1.059236377477645874e-02
1.059132348746061325e-02
1.062108296900987625e-02
1.063590869307518005e-02
1.064402796328067780e-02
1.074544247239828110e-02
1.079055201262235641e-02
1.062854751944541931e-02
1.052726525813341141e-02
1.049900520592927933e-02
1.050599478185176849e-02
1.059917174279689789e-02
1.067184936255216599e-02
1.065865531563758850e-02
1.073645427823066711e-02
1.073847431689500809e-02
1.072398200631141663e-02
1.099719945341348648e-02
1.079556066542863846e-02
1.090058870613574982e-02
1.069485675543546677e-02
1.070943940430879593e-02
1.081570237874984741e-02
1.070670131593942642e-02
1.073093246668577194e-02
1.054391730576753616e-02
1.051753107458353043e-02
1.051112916320562363e-02
1.047402713447809219e-02
1.047280523926019669e-02
1.059813983738422394e-02
1.059213653206825256e-02
1.057662442326545715e-02
1.063034497201442719e-02
1.061679981648921967e-02
1.062197517603635788e-02
1.077795587480068207e-02
1.065206248313188553e-02
1.091159228235483170e-02
1.079381816089153290e-02
1.090007182210683823e-02
1.106157153844833374e-02
1.077738963067531586e-02
1.063325349241495132e-02
1.077404618263244629e-02
1.074783504009246826e-02
1.076228916645050049e-02
1.078208070248365402e-02
1.088776718825101852e-02
1.072231680154800415e-02
1.061892416328191757e-02
1.078597828745841980e-02
1.070198882371187210e-02
1.088309008628129959e-02
1.081486791372299194e-02
1.087292097508907318e-02
1.113668456673622131e-02
1.087510306388139725e-02
1.086784712970256805e-02
1.083150412887334824e-02
1.080912537872791290e-02
1.061851903796195984e-02
1.082234270870685577e-02
1.087438128888607025e-02
1.091901957988739014e-02
1.090094074606895447e-02
1.086757984012365341e-02
1.085289753973484039e-02
1.084364857524633408e-02
1.075283158570528030e-02
1.077925134450197220e-02
1.063614524900913239e-02
1.063563954085111618e-02
1.067601423710584641e-02
1.074179820716381073e-02
1.086365710943937302e-02
1.085940189659595490e-02
1.076071988791227341e-02
1.075137127190828323e-02
1.086062379181385040e-02
1.090766862034797668e-02
1.088013872504234314e-02
1.089693047106266022e-02
1.077594794332981110e-02
1.080408133566379547e-02
1.092832814902067184e-02
1.094548776745796204e-02
1.086158584803342819e-02
1.076536532491445541e-02
1.098257210105657578e-02
1.081197708845138550e-02
1.070127636194229126e-02
1.064431387931108475e-02
1.074041891843080521e-02
1.083292253315448761e-02
1.076125260442495346e-02
1.092208363115787506e-02
1.083937101066112518e-02
1.088042277842760086e-02
1.094111800193786621e-02
1.093187276273965836e-02
1.097590848803520203e-02
1.084431633353233337e-02
1.080733817070722580e-02
1.084635406732559204e-02
1.077800430357456207e-02
1.080789789557456970e-02
1.088442280888557434e-02
1.086724177002906799e-02
1.065459288656711578e-02
1.079118065536022186e-02
1.063488796353340149e-02
1.080059912055730820e-02
1.072868052870035172e-02
1.062779687345027924e-02
1.077553909271955490e-02
1.076392643153667450e-02
1.076124887913465500e-02
1.072687469422817230e-02
1.073485892266035080e-02
1.078236103057861328e-02
1.077310834079980850e-02
1.086275931447744370e-02
1.089695654809474945e-02
1.089912466704845428e-02
1.088681817054748535e-02
1.079132128506898880e-02
1.071024220436811447e-02
1.078548282384872437e-02
1.090936642140150070e-02
1.067025214433670044e-02
1.075753197073936462e-02
1.080059818923473358e-02
1.081687584519386292e-02
1.068714074790477753e-02
1.072727702558040619e-02
1.083056349307298660e-02
1.083602663129568100e-02
1.075859647244215012e-02
1.061042584478855133e-02
1.056151092052459717e-02
1.063553057610988617e-02
1.061662845313549042e-02
1.057170424610376358e-02
1.060728263109922409e-02
1.069570705294609070e-02
1.066393498331308365e-02
1.065633445978164673e-02
1.069474965333938599e-02
1.070942450314760208e-02
1.070098299533128738e-02
1.068883575499057770e-02
1.076620351523160934e-02
1.082438323646783829e-02
1.087432168424129486e-02
1.083765737712383270e-02
1.083614863455295563e-02
1.077645272016525269e-02
1.069734897464513779e-02
1.090468000620603561e-02
1.079475507140159607e-02
1.079280395060777664e-02
1.070568524301052094e-02
1.087418757379055023e-02
1.084675919264554977e-02
1.073952205479145050e-02
1.073863822966814041e-02
1.091052405536174774e-02
1.092288177460432053e-02
1.096933707594871521e-02
1.082477159798145294e-02
1.083546970039606094e-02
1.091385819017887115e-02
1.085208170115947723e-02
1.100754830986261368e-02
1.078284997493028641e-02
1.097847893834114075e-02
1.098600309342145920e-02
1.086921989917755127e-02
1.089903898537158966e-02
1.071136724203824997e-02
1.076356321573257446e-02
1.096369791775941849e-02
1.073891948908567429e-02
1.067751832306385040e-02
1.087635848671197891e-02
1.084613427519798279e-02
1.081961113959550858e-02
1.088059507310390472e-02
1.079542189836502075e-02
1.078228186815977097e-02
1.081888470798730850e-02
1.090159919112920761e-02
1.079512201249599457e-02
1.078122016042470932e-02
1.086718961596488953e-02
1.071396283805370331e-02
1.080555841326713562e-02
1.068370789289474487e-02
1.091914810240268707e-02
1.080491207540035248e-02
1.075529679656028748e-02
1.080061215907335281e-02
1.065308973193168640e-02
1.058771274983882904e-02
1.067676115781068802e-02
1.061616092920303345e-02
1.078684534877538681e-02
1.069109234958887100e-02
1.077269855886697769e-02
1.076980121433734894e-02
1.071367878466844559e-02
1.072426792234182358e-02
1.090135704725980759e-02
1.075409445911645889e-02
1.074599660933017731e-02
1.087423600256443024e-02
1.096416637301445007e-02
1.094902865588665009e-02
1.086981501430273056e-02
1.089480798691511154e-02
1.090590935200452805e-02
1.081089768558740616e-02
1.091596111655235291e-02
1.101940218359231949e-02
1.083486247807741165e-02
1.098001282662153244e-02
1.087154354900121689e-02
1.080152764916419983e-02
1.080162916332483292e-02
1.048981677740812302e-02
1.052744127810001373e-02
1.040458865463733673e-02
1.043071225285530090e-02
1.036157459020614624e-02
1.062125992029905319e-02
1.053252443671226501e-02
1.047325134277343750e-02
1.064511574804782867e-02
1.059790980070829391e-02
1.044519525021314621e-02
1.068608090281486511e-02
1.077886205166578293e-02
1.062737777829170227e-02
1.062243524938821793e-02
1.079161744564771652e-02
1.069788448512554169e-02
1.072260551154613495e-02
1.059534493833780289e-02
1.071823295205831528e-02
1.067181117832660675e-02
1.061254274100065231e-02
1.072506140917539597e-02
1.067645102739334106e-02
1.042531523853540421e-02
1.054480206221342087e-02
1.044288091361522675e-02
1.053462736308574677e-02
1.054975669831037521e-02
1.051605027168989182e-02
1.041335053741931915e-02
1.046167220920324326e-02
1.034037489444017410e-02
1.039582397788763046e-02
1.064249314367771149e-02
1.064364053308963776e-02
1.068162638694047928e-02
1.065534353256225586e-02
1.065730303525924683e-02
1.053374260663986206e-02
1.062501408159732819e-02
1.062569487839937210e-02
1.082505937665700912e-02
1.061324682086706161e-02
1.069284696131944656e-02
1.064207032322883606e-02
1.092166453599929810e-02
1.083744317293167114e-02
1.086773257702589035e-02
1.090841647237539291e-02
1.080919243395328522e-02
1.078776642680168152e-02
1.073802728205919266e-02
1.077519170939922333e-02
1.081023272126913071e-02
1.092084683477878571e-02
1.083979383111000061e-02
1.084427535533905029e-02
1.093689259141683578e-02
1.094272546470165253e-02
1.096595451235771179e-02
1.088800001889467239e-02
1.086031738668680191e-02
1.083638425916433334e-02
1.085533294826745987e-02
1.107636373490095139e-02
1.094437018036842346e-02
1.103104278445243835e-02
1.087228022515773773e-02
1.079187169671058655e-02
1.092318166047334671e-02
1.065371651202440262e-02
1.063151471316814423e-02
1.097335387021303177e-02
1.071291416883468628e-02
1.061007939279079437e-02
1.075552124530076981e-02
1.084813009947538376e-02
1.087028812617063522e-02
1.082360278815031052e-02
1.096250955015420914e-02
1.090356335043907166e-02
1.089237630367279053e-02
1.077227108180522919e-02
1.089139841496944427e-02
1.071664132177829742e-02
1.070516370236873627e-02
1.087521016597747803e-02
1.074111647903919220e-02
1.077992841601371765e-02
1.078245602548122406e-02
1.058169733732938766e-02
1.078624092042446136e-02
1.051858346909284592e-02
1.062093488872051239e-02
1.085418742150068283e-02
1.061698514968156815e-02
1.061829645186662674e-02
1.079869829118251801e-02
1.081374194473028183e-02
1.088925264775753021e-02
1.076725404709577560e-02
1.080653723329305649e-02
1.078854966908693314e-02
1.070536673069000244e-02
1.072537526488304138e-02
1.070716045796871185e-02
1.077922992408275604e-02
1.057021599262952805e-02
1.052500307559967041e-02
1.064642611891031265e-02
1.068801339715719223e-02
1.066959463059902191e-02
1.079961936920881271e-02
1.083324104547500610e-02
1.093690935522317886e-02
1.092001795768737793e-02
1.094105280935764313e-02
1.083304826170206070e-02
1.080511603504419327e-02
1.081396639347076416e-02
1.079440023750066757e-02
1.098616421222686768e-02
1.096422970294952393e-02
1.096495334059000015e-02
1.095999032258987427e-02
1.095911581069231033e-02
1.093304436653852463e-02
1.094801165163516998e-02
1.096412353217601776e-02
1.095400098711252213e-02
1.087650842964649200e-02
1.095385383814573288e-02
1.094807218760251999e-02
1.092188153415918350e-02
1.096264552325010300e-02
1.097838301211595535e-02
1.098573487251996994e-02
1.095135509967803955e-02
1.097444444894790649e-02
1.093679480254650116e-02
1.107038371264934540e-02
1.087060011923313141e-02
1.077029667794704437e-02
1.079645100980997086e-02
1.102262083441019058e-02
1.073175668716430664e-02
1.084800343960523605e-02
1.079656928777694702e-02
1.096283644437789917e-02
1.096432749181985855e-02
1.085777767002582550e-02
1.090082339942455292e-02
1.074840780347585678e-02
1.092019118368625641e-02
1.089033670723438263e-02
1.081557292491197586e-02
1.079774927347898483e-02
1.080450601875782013e-02
1.072285603731870651e-02
1.092654932290315628e-02
1.091389358043670654e-02
1.086827367544174194e-02
1.090074051171541214e-02
1.075710635632276535e-02
1.088598743081092834e-02
1.084794942289590836e-02
1.086838170886039734e-02
1.091501116752624512e-02
1.096307951956987381e-02
1.095551066100597382e-02
1.095135603100061417e-02
1.093627512454986572e-02
1.090499199926853180e-02
1.092113647609949112e-02
1.089042890816926956e-02
1.092403195798397064e-02
1.094844006001949310e-02
1.092910580337047577e-02
1.089048665016889572e-02
1.091401092708110809e-02
1.089900173246860504e-02
1.089844387024641037e-02
1.094172894954681396e-02
1.084512099623680115e-02
1.065747160464525223e-02
1.088200602680444717e-02
1.080939546227455139e-02
1.083715911954641342e-02
1.089372392743825912e-02
1.064554788172245026e-02
1.082965638488531113e-02
1.089777331799268723e-02
1.082194875925779343e-02
1.098215021193027496e-02
1.100548170506954193e-02
1.076986081898212433e-02
1.081017404794692993e-02
1.116254180669784546e-02
1.087575685232877731e-02
1.064827665686607361e-02
1.078141573816537857e-02
1.081472914665937424e-02
1.073523424565792084e-02
1.058112829923629761e-02
1.064717862755060196e-02
1.071068923920392990e-02
1.084257848560810089e-02
1.085062418133020401e-02
1.079253386706113815e-02
1.080541871488094330e-02
1.089197397232055664e-02
1.091268286108970642e-02
1.077309343963861465e-02
1.072638854384422302e-02
1.075135730206966400e-02
1.084474008530378342e-02
1.096953079104423523e-02
1.070541050285100937e-02
1.086265221238136292e-02
1.079981122165918350e-02
1.085538789629936218e-02
1.080269832164049149e-02
1.094448938965797424e-02
1.086363755166530609e-02
1.070059835910797119e-02
1.079319976270198822e-02
1.061911694705486298e-02
1.067033689469099045e-02
1.088170986622571945e-02
1.071957778185606003e-02
1.067221630364656448e-02
1.051912084221839905e-02
1.071823853999376297e-02
1.060413382947444916e-02
1.062871888279914856e-02
1.076270081102848053e-02
1.084167324006557465e-02
1.075365394353866577e-02
1.080044358968734741e-02
1.082453317940235138e-02
1.091937813907861710e-02
1.081711333245038986e-02
1.069258525967597961e-02
1.068498101085424423e-02
1.067267917096614838e-02
1.051357109099626541e-02
1.056775823235511780e-02
1.074967626482248306e-02
1.091029122471809387e-02
1.084148325026035309e-02
1.079269684851169586e-02
1.149245351552963257e-02
1.076649501919746399e-02
1.081727910786867142e-02
1.084009651094675064e-02
1.089967414736747742e-02
1.093453727662563324e-02
1.082076504826545715e-02
1.077525224536657333e-02
1.066381484270095825e-02
1.065231487154960632e-02
1.055951043963432312e-02
1.068117283284664154e-02
1.071520149707794189e-02
1.067097671329975128e-02
1.046927552670240402e-02
1.052232086658477783e-02
1.053923554718494415e-02
1.061274670064449310e-02
1.062024291604757309e-02
1.073466613888740540e-02
1.080298144370317459e-02
1.089337095618247986e-02
1.093079522252082825e-02
1.091225538402795792e-02
1.091881375759840012e-02
1.100465189665555954e-02
1.100679859519004822e-02
1.098620239645242691e-02
1.097847428172826767e-02
1.095821242779493332e-02
1.071458309888839722e-02
1.066505536437034607e-02
1.081317756325006485e-02
1.075506955385208130e-02
1.079926826059818268e-02
1.095464639365673065e-02
1.094585098326206207e-02
1.094105280935764313e-02
1.093560457229614258e-02
1.094073615968227386e-02
1.096574217081069946e-02
1.095625665038824081e-02
1.095247641205787659e-02
1.095499657094478607e-02
1.094478648155927658e-02
1.092358771711587906e-02
1.092078909277915955e-02
1.091206353157758713e-02
1.098830439150333405e-02
1.095183845609426498e-02
1.091761328279972076e-02
1.093359105288982391e-02
1.091461069881916046e-02
1.094144675880670547e-02
1.092965621501207352e-02
1.090393401682376862e-02
1.096324063837528229e-02
1.097563281655311584e-02
1.098186336457729340e-02
1.083395816385746002e-02
1.090807840228080750e-02
1.092659868299961090e-02
1.096463855355978012e-02
1.090076658874750137e-02
1.089885924011468887e-02
1.096482388675212860e-02
1.096025574952363968e-02
1.095468364655971527e-02
1.100603677332401276e-02
1.094907429069280624e-02
1.094576343894004822e-02
1.095224358141422272e-02
1.095758564770221710e-02
1.094769593328237534e-02
1.094493828713893890e-02
1.098782289773225784e-02
1.094628404825925827e-02
1.094933878630399704e-02
1.097279321402311325e-02
1.095391903072595596e-02
1.100253965705633163e-02
1.096590328961610794e-02
1.096501760184764862e-02
1.100520789623260498e-02
1.095477677881717682e-02
1.092375349253416061e-02
1.093074493110179901e-02
1.095416210591793060e-02
1.098473090678453445e-02
1.093559991568326950e-02
1.092896051704883575e-02
1.099739596247673035e-02
1.095514837652444839e-02
1.096756011247634888e-02
1.098625175654888153e-02
1.094192918390035629e-02
1.083151530474424362e-02
1.089527364820241928e-02
1.089238561689853668e-02
1.090107578784227371e-02
1.094850245863199234e-02
1.079757511615753174e-02
1.081481203436851501e-02
1.079000160098075867e-02
1.084074750542640686e-02
1.091074571013450623e-02
1.092684548348188400e-02
1.097351126372814178e-02
1.096703298389911652e-02
1.097792200744152069e-02
1.094658114016056061e-02
1.095055136829614639e-02
1.083256304264068604e-02
1.072961371392011642e-02
1.068401709198951721e-02
1.081509888172149658e-02
1.090370677411556244e-02
1.084321923553943634e-02
1.090937573462724686e-02
1.091585587710142136e-02
1.092953514307737350e-02
1.092773769050836563e-02
1.090632285922765732e-02
1.092334929853677750e-02
1.077255234122276306e-02
1.138876378536224365e-02
1.094822213053703308e-02
1.094637345522642136e-02
1.090509630739688873e-02
1.094803959131240845e-02
1.095598377287387848e-02
1.095926295965909958e-02
1.096184924244880676e-02
1.085820328444242477e-02
1.094675902277231216e-02
1.097441278398036957e-02
1.093766838312149048e-02
1.092723570764064789e-02
1.096471492201089859e-02
1.095682941377162933e-02
1.094496808946132660e-02
1.094572711735963821e-02
1.092992164194583893e-02
1.086241379380226135e-02
1.091500278562307358e-02
1.081557199358940125e-02
1.079960912466049194e-02
1.096141058951616287e-02
1.089940406382083893e-02
1.086523942649364471e-02
1.099193282425403595e-02
1.095974072813987732e-02
1.086040772497653961e-02
1.087689027190208435e-02
1.087090093642473221e-02
1.087503693997859955e-02
1.090161781758069992e-02
1.090754009783267975e-02
1.093644648790359497e-02
1.094553060829639435e-02
1.094655506312847137e-02
1.094501279294490814e-02
1.092338841408491135e-02
1.094234175980091095e-02
1.073002628982067108e-02
1.067459583282470703e-02
1.067943125963211060e-02
1.091443933546543121e-02
1.086701638996601105e-02
1.077993586659431458e-02
1.078258734196424484e-02
1.088273338973522186e-02
1.095626130700111389e-02
1.097915042191743851e-02
1.097304001450538635e-02
1.096781343221664429e-02
1.095969602465629578e-02
1.095465011894702911e-02
1.099090930074453354e-02
1.095946319401264191e-02
1.096079126000404358e-02
1.097194850444793701e-02
1.096302550286054611e-02
1.097197271883487701e-02
1.099036447703838348e-02
1.079879235476255417e-02
1.082141418009996414e-02
1.094255596399307251e-02
1.089738029986619949e-02
1.099537219852209091e-02
1.097961049526929855e-02
1.096443273127079010e-02
1.100588310509920120e-02
1.098947133868932724e-02
1.095558237284421921e-02
1.102635450661182404e-02
1.102943904697895050e-02
1.098814420402050018e-02
1.094275061041116714e-02
1.086467131972312927e-02
1.068919152021408081e-02
1.093726698309183121e-02
1.105342339724302292e-02
1.091723795980215073e-02
1.084117218852043152e-02
1.081124320626258850e-02
1.083351857960224152e-02
1.084002293646335602e-02
1.075979042798280716e-02
1.086472626775503159e-02
1.085024140775203705e-02
1.091862656176090240e-02
1.100599952042102814e-02
1.083366945385932922e-02
1.063623931258916855e-02
1.093743368983268738e-02
1.092743314802646637e-02
1.098429970443248749e-02
1.095967553555965424e-02
1.087260432541370392e-02
1.099261641502380371e-02
1.097567193210124969e-02
1.102320849895477295e-02
1.098213996738195419e-02
1.084318943321704865e-02
1.088786963373422623e-02
1.084719225764274597e-02
1.087106950581073761e-02
1.086361333727836609e-02
1.090903580188751221e-02
1.092877145856618881e-02
1.096019335091114044e-02
1.087083667516708374e-02
1.096594147384166718e-02
1.094215176999568939e-02
1.086341589689254761e-02
1.089973933994770050e-02
1.099475845694541931e-02
1.084228325635194778e-02
1.080145873129367828e-02
1.091172639280557632e-02
1.085826754570007324e-02
1.097719464451074600e-02
1.091573946177959442e-02
1.095687877386808395e-02
1.079227589070796967e-02
1.090199220925569534e-02
1.092042401432991028e-02
1.063761301338672638e-02
1.075684744864702225e-02
1.096749957650899887e-02
1.087727770209312439e-02
1.085537206381559372e-02
1.091489847749471664e-02
1.090169511735439301e-02
1.076105423271656036e-02
1.086033787578344345e-02
1.084825582802295685e-02
1.060470752418041229e-02
1.068151742219924927e-02
1.091947779059410095e-02
1.087376475334167480e-02
1.079430524259805679e-02
1.080782432109117508e-02
1.069373171776533127e-02
1.064412295818328857e-02
1.071107666939496994e-02
1.089632604271173477e-02
1.090050209313631058e-02
1.086481008678674698e-02
1.095736492425203323e-02
1.100391242653131485e-02
1.092640217393636703e-02
1.084560994058847427e-02
1.091316342353820801e-02
1.085788663476705551e-02
1.069804653525352478e-02
1.062477845698595047e-02
1.086402963846921921e-02
1.086282730102539062e-02
1.090790797024965286e-02
1.085919421166181564e-02
1.089913118630647659e-02
1.133960112929344177e-02
1.096249558031558990e-02
1.097165141254663467e-02
1.093993894755840302e-02
1.093375124037265778e-02
1.095266174525022507e-02
1.095605269074440002e-02
1.084885001182556152e-02
1.086921431124210358e-02
1.096665579825639725e-02
1.092470437288284302e-02
1.092321146279573441e-02
1.097948197275400162e-02
1.094551663845777512e-02
1.093517430126667023e-02
1.095444895327091217e-02
1.093890238553285599e-02
1.079084072262048721e-02
1.080197095870971680e-02
1.097533851861953735e-02
1.096253655850887299e-02
1.086757890880107880e-02
1.098725851625204086e-02
1.090559270232915878e-02
1.100852806121110916e-02
1.085195224732160568e-02
1.087664626538753510e-02
1.089844293892383575e-02
1.099376007914543152e-02
1.089651044458150864e-02
1.088577322661876678e-02
1.087559945881366730e-02
1.095807366073131561e-02
1.095481123775243759e-02
1.076053548604249954e-02
1.066829357296228409e-02
1.065670605748891830e-02
1.095544453710317612e-02
1.093781087547540665e-02
1.084572542458772659e-02
1.083715539425611496e-02
1.091138273477554321e-02
1.090801414102315903e-02
1.092895586043596268e-02
1.093452889472246170e-02
1.080144383013248444e-02
1.085167005658149719e-02
1.100371219217777252e-02
1.097565796226263046e-02
1.098486501723527908e-02
1.094976160675287247e-02
1.094365771859884262e-02
1.095819473266601562e-02
1.093838363885879517e-02
1.094147749245166779e-02
1.097431033849716187e-02
1.091681607067584991e-02
1.078550796955823898e-02
1.102175377309322357e-02
1.091205235570669174e-02
1.096197031438350677e-02
1.094868592917919159e-02
1.095236837863922119e-02
1.099347509443759918e-02
1.095948833972215652e-02
1.085492968559265137e-02
1.080485619604587555e-02
1.096495520323514938e-02
1.097853761166334152e-02
1.096179615706205368e-02
1.097004115581512451e-02
1.080206874758005142e-02
1.069012470543384552e-02
1.101808063685894012e-02
1.096632704138755798e-02
1.087536010891199112e-02
1.095681264996528625e-02
1.106182299554347992e-02
1.096653379499912262e-02
1.087528280913829803e-02
1.096865255385637283e-02
1.079456042498350143e-02
1.095993351191282272e-02
1.084342971444129944e-02
1.078633964061737061e-02
1.096816267818212509e-02
1.095250714570283890e-02
1.096189301460981369e-02
1.096200942993164062e-02
1.095883455127477646e-02
1.083538681268692017e-02
1.095307990908622742e-02
1.095728576183319092e-02
1.095161028206348419e-02
1.096935197710990906e-02
1.096179615706205368e-02
1.096538361161947250e-02
1.095724292099475861e-02
1.096825767308473587e-02
1.095495000481605530e-02
1.095270365476608276e-02
1.096285693347454071e-02
1.095480658113956451e-02
1.096136122941970825e-02
1.094868034124374390e-02
1.097297854721546173e-02
1.086756959557533264e-02
1.096122618764638901e-02
1.101543661206960678e-02
1.099296752363443375e-02
1.102591864764690399e-02
1.095427758991718292e-02
1.092709787189960480e-02
1.091821026057004929e-02
1.091267075389623642e-02
1.096365507692098618e-02
1.073940936475992203e-02
1.078342646360397339e-02
1.089259237051010132e-02
1.089988742023706436e-02
1.090050116181373596e-02
1.091727241873741150e-02
1.088034361600875854e-02
1.099526789039373398e-02
1.100790500640869141e-02
1.096383109688758850e-02
1.099980063736438751e-02
1.098155416548252106e-02
1.089427247643470764e-02
1.074622757732868195e-02
1.073541678488254547e-02
1.081570424139499664e-02
1.091284956783056259e-02
1.078171096742153168e-02
1.091583631932735443e-02
1.078293099999427795e-02
1.078225951641798019e-02
1.099974662065505981e-02
1.095084473490715027e-02
1.084111444652080536e-02
1.081823371350765228e-02
1.067756675183773041e-02
1.069519482553005219e-02
1.088945940136909485e-02
1.079199835658073425e-02
1.084994990378618240e-02
1.084031164646148682e-02
1.085580699145793915e-02
1.082436367869377136e-02
1.077961176633834839e-02
1.076820027083158493e-02
1.065914425998926163e-02
1.091542467474937439e-02
1.090787816792726517e-02
1.092766690999269485e-02
1.093428023159503937e-02
1.087643206119537354e-02
1.088396180421113968e-02
1.091123931109905243e-02
1.090003177523612976e-02
1.088477019220590591e-02
1.094666123390197754e-02
1.094621419906616211e-02
1.092769298702478409e-02
1.089839637279510498e-02
1.094646845012903214e-02
1.092647016048431396e-02
1.096554473042488098e-02
1.095348596572875977e-02
1.094774529337882996e-02
1.093038264662027359e-02
1.091353688389062881e-02
1.093706861138343811e-02
1.098556909710168839e-02
1.093354448676109314e-02
1.091351825743913651e-02
1.091817952692508698e-02
1.089964434504508972e-02
1.109595037996768951e-02
1.093283016234636307e-02
1.088970899581909180e-02
1.098862290382385254e-02
1.084690727293491364e-02
1.088519487529993057e-02
1.066327746957540512e-02
1.077819336205720901e-02
1.082302629947662354e-02
1.076277811080217361e-02
1.076616533100605011e-02
1.082098111510276794e-02
1.088005956262350082e-02
1.078452449291944504e-02
1.065578404814004898e-02
1.085940655320882797e-02
1.086444407701492310e-02
1.086126081645488739e-02
1.094294153153896332e-02
1.095425151288509369e-02
1.094610802829265594e-02
1.093496568500995636e-02
1.091758999973535538e-02
1.075997669249773026e-02
1.092075649648904800e-02
1.093737501651048660e-02
1.094352360814809799e-02
1.095741149038076401e-02
1.074453536421060562e-02
1.081245578825473785e-02
1.095814444124698639e-02
1.091707311570644379e-02
1.095696631819009781e-02
1.084494683891534805e-02
1.084874663501977921e-02
1.092613954097032547e-02
1.081410888582468033e-02
1.077371742576360703e-02
1.099377870559692383e-02
1.092382892966270447e-02
1.094090752303600311e-02
1.079242862761020660e-02
1.078908517956733704e-02
1.092607527971267700e-02
1.080128923058509827e-02
1.092756539583206177e-02
1.081470586359500885e-02
1.094129122793674469e-02
1.092130132019519806e-02
1.076861564069986343e-02
1.073000300675630569e-02
1.063519436866044998e-02
1.087630726397037506e-02
1.081129163503646851e-02
1.096958480775356293e-02
1.096127182245254517e-02
1.096395310014486313e-02
1.095707621425390244e-02
1.095711905509233475e-02
1.095332298427820206e-02
1.081724464893341064e-02
1.094412989914417267e-02
2.251786179840564728e-02
1.100353710353374481e-02
1.103335525840520859e-02
1.097286492586135864e-02
1.092919334769248962e-02
1.086085848510265350e-02
1.084607653319835663e-02
1.103284582495689392e-02
1.100261416286230087e-02
1.079338602721691132e-02
1.086275000125169754e-02
1.073917001485824585e-02
1.060751732438802719e-02
1.068818476051092148e-02
1.083781011402606964e-02
1.101026684045791626e-02
1.086180098354816437e-02
1.077951118350028992e-02
1.076170243322849274e-02
1.075827423483133316e-02
1.074075978249311447e-02
1.080871839076280594e-02
1.083160098642110825e-02
1.076992321759462357e-02
1.073591876775026321e-02
1.066897343844175339e-02
1.065758056938648224e-02
1.064444333314895630e-02
1.060446724295616150e-02
1.072567328810691833e-02
1.083565689623355865e-02
1.083655841648578644e-02
1.061331108212471008e-02
1.065592095255851746e-02
1.055378839373588562e-02
1.054806821048259735e-02
1.050802692770957947e-02
1.059028878808021545e-02
1.047948002815246582e-02
1.042788662016391754e-02
1.063819136470556259e-02
1.062840223312377930e-02
1.069701649248600006e-02
1.063285488635301590e-02
1.065498404204845428e-02
1.059720572084188461e-02
1.061637885868549347e-02
1.065580919384956360e-02
1.065406855195760727e-02
1.065073441714048386e-02
1.078961323946714401e-02
1.077326852828264236e-02
1.081538945436477661e-02
1.089391484856605530e-02
1.099193189293146133e-02
1.091250777244567871e-02
1.086132507771253586e-02
1.060942187905311584e-02
1.076854113489389420e-02
1.090380921959877014e-02
1.082762982696294785e-02
1.083340588957071304e-02
1.090736314654350281e-02
1.086499262601137161e-02
1.077012717723846436e-02
1.089327596127986908e-02
1.092677656561136246e-02
1.094717625528573990e-02
1.097689755260944366e-02
1.097170356661081314e-02
1.099199336022138596e-02
1.097551546990871429e-02
1.100542489439249039e-02
1.098189223557710648e-02
1.105740386992692947e-02
1.098858937621116638e-02
1.087444275617599487e-02
1.095452997833490372e-02
1.095357537269592285e-02
1.093085296452045441e-02
1.085222512483596802e-02
1.095594558864831924e-02
1.073751784861087799e-02
1.054169610142707825e-02
1.070939749479293823e-02
1.118918694555759430e-02
1.098711416125297546e-02
1.102492120116949081e-02
1.094583235681056976e-02
1.092268992215394974e-02
1.081350632011890411e-02
1.093155238777399063e-02
1.099319383502006531e-02
1.098008453845977783e-02
1.097730081528425217e-02
1.083736494183540344e-02
1.077849324792623520e-02
1.077637914568185806e-02
1.098196860402822495e-02
1.096129324287176132e-02
1.096473354846239090e-02
1.077233348041772842e-02
1.082781888544559479e-02
1.094305515289306641e-02
1.092848461121320724e-02
1.091473270207643509e-02
1.068627648055553436e-02
1.071526017040014267e-02
1.091655343770980835e-02
1.087696664035320282e-02
1.089749485254287720e-02
1.091000624001026154e-02
1.087944861501455307e-02
1.093715615570545197e-02
1.093098055571317673e-02
1.095541659742593765e-02
1.096857897937297821e-02
1.097144652158021927e-02
1.080566365271806717e-02
1.082602981477975845e-02
1.096906140446662903e-02
1.093437336385250092e-02
1.092941034585237503e-02
1.093246601521968842e-02
1.086924038827419281e-02
1.095924898982048035e-02
1.095221098512411118e-02
1.097246818244457245e-02
1.092200540006160736e-02
1.095016486942768097e-02
1.094806380569934845e-02
1.094738766551017761e-02
1.094840932637453079e-02
1.089731324464082718e-02
1.092989463359117508e-02
1.090750191360712051e-02
1.093910075724124908e-02
1.095073763281106949e-02
1.096809376031160355e-02
1.095212530344724655e-02
1.096479874104261398e-02
1.097619812935590744e-02
1.096230000257492065e-02
1.090502180159091949e-02
1.091026887297630310e-02
1.092020701617002487e-02
1.090243645012378693e-02
1.095513720065355301e-02
1.095440052449703217e-02
1.088775508105754852e-02
1.091031078249216080e-02
1.092183589935302734e-02
1.089763082563877106e-02
1.093443203717470169e-02
1.089689787477254868e-02
1.093478780239820480e-02
1.090720109641551971e-02
1.096055656671524048e-02
1.096020545810461044e-02
1.094887126237154007e-02
1.095150504261255264e-02
1.094864308834075928e-02
1.094748172909021378e-02
1.094719022512435913e-02
1.094970665872097015e-02
1.095106266438961029e-02
1.094744354486465454e-02
1.097620557993650436e-02
1.095377933233976364e-02
1.093742903321981430e-02
1.095197908580303192e-02
1.095371227711439133e-02
1.097099483013153076e-02
1.096971239894628525e-02
1.090526580810546875e-02
1.092111878097057343e-02
1.089011318981647491e-02
1.097915507853031158e-02
1.096942834556102753e-02
1.098326779901981354e-02
1.098278816789388657e-02
1.094494294375181198e-02
1.099125947803258896e-02
1.104276441037654877e-02
1.094865519553422928e-02
1.095023471862077713e-02
1.096560340374708176e-02
1.099886372685432434e-02
1.094761118292808533e-02
1.089512091130018234e-02
1.065531838685274124e-02
1.089986879378557205e-02
1.097413059324026108e-02
1.098291855305433273e-02
1.095003262162208557e-02
1.093516405671834946e-02
1.094047725200653076e-02
1.079228054732084274e-02
1.077291741967201233e-02
1.096809841692447662e-02
1.095355581492185593e-02
1.096417941153049469e-02
1.095669623464345932e-02
1.095305103808641434e-02
1.079070102423429489e-02
1.079069916158914566e-02
1.092682033777236938e-02
1.092937961220741272e-02
1.095385290682315826e-02
1.096205320209264755e-02
1.093440502882003784e-02
1.092879381030797958e-02
1.089599821716547012e-02
1.090545020997524261e-02
1.079994160681962967e-02
1.084343995898962021e-02
1.086566038429737091e-02
1.080546341836452484e-02
1.091015245765447617e-02
1.082389801740646362e-02
1.082810387015342712e-02
1.092533487826585770e-02
1.093113981187343597e-02
1.093453262001276016e-02
1.093139965087175369e-02
1.093239244073629379e-02
1.092056185007095337e-02
1.093528885394334793e-02
1.092576701194047928e-02
1.093008369207382202e-02
1.091207098215818405e-02
1.084664463996887207e-02
1.086891815066337585e-02
1.095244754105806351e-02
1.094127260148525238e-02
1.095885038375854492e-02
1.095761638134717941e-02
1.098205242305994034e-02
1.099737267941236496e-02
1.095789112150669098e-02
1.087141875177621841e-02
1.087380666285753250e-02
1.087042130529880524e-02
1.090400014072656631e-02
1.093596126884222031e-02
1.087292563170194626e-02
1.094279997050762177e-02
1.093556825071573257e-02
1.082104258239269257e-02
1.091286446899175644e-02
1.094119623303413391e-02
1.086519751697778702e-02
1.085718255490064621e-02
1.096650399267673492e-02
1.096034143120050430e-02
1.096473820507526398e-02
1.097362302243709564e-02
1.097560115158557892e-02
1.092141494154930115e-02
1.092041097581386566e-02
1.092300377786159515e-02
1.091899164021015167e-02
1.080800034105777740e-02
1.096584647893905640e-02
1.094536669552326202e-02
1.094614714384078979e-02
1.094613131135702133e-02
1.094053871929645538e-02
1.095653418451547623e-02
1.095121260732412338e-02
1.095121540129184723e-02
1.095284614711999893e-02
1.094419416040182114e-02
1.095197815448045731e-02
1.092022750526666641e-02
1.091957371681928635e-02
1.095525547862052917e-02
1.095018349587917328e-02
1.096077729016542435e-02
1.096763834357261658e-02
1.094553805887699127e-02
1.095349248498678207e-02
1.094553619623184204e-02
1.094623189419507980e-02
1.094604935497045517e-02
1.095620822161436081e-02
1.095076836645603180e-02
1.094796881079673767e-02
1.096298918128013611e-02
1.095770485699176788e-02
1.096395403146743774e-02
1.094755716621875763e-02
1.095182541757822037e-02
1.098123379051685333e-02
1.097273640334606171e-02
1.095135975629091263e-02
1.095151342451572418e-02
1.095924433320760727e-02
1.095921918749809265e-02
1.067671086639165878e-02
1.083280891180038452e-02
1.096039637923240662e-02
1.096297055482864380e-02
1.093423459678888321e-02
1.095997914671897888e-02
1.096353679895401001e-02
1.096998341381549835e-02
1.095174998044967651e-02
1.093307044357061386e-02
1.095212996006011963e-02
1.095213182270526886e-02
1.095738075673580170e-02
1.095735561102628708e-02
1.094900909811258316e-02
1.099102757871150970e-02
1.095295231789350510e-02
1.095124147832393646e-02
1.092750765383243561e-02
1.073672808706760406e-02
1.094142906367778778e-02
1.097968313843011856e-02
1.094696670770645142e-02
1.094620395451784134e-02
1.095264405012130737e-02
1.094965357333421707e-02
1.094693504273891449e-02
1.096365042030811310e-02
1.094561256468296051e-02
1.095871627330780029e-02
1.096685323864221573e-02
1.095565035939216614e-02
1.093453913927078247e-02
1.093733962625265121e-02
1.095654256641864777e-02
1.095210947096347809e-02
1.097316481173038483e-02
1.095786131918430328e-02
1.097192987799644470e-02
1.095044985413551331e-02
1.097123418003320694e-02
1.096674054861068726e-02
1.099029276520013809e-02
1.086659170687198639e-02
1.086935587227344513e-02
1.097384188324213028e-02
1.096423529088497162e-02
1.095462217926979065e-02
1.097249705344438553e-02
1.095871068537235260e-02
1.097472850233316422e-02
1.097718067467212677e-02
1.076443493366241455e-02
1.079397276043891907e-02
1.091333013027906418e-02
1.092631928622722626e-02
1.092012319713830948e-02
1.084086205810308456e-02
1.087278313934803009e-02
1.084094028919935226e-02
1.084754522889852524e-02
1.084926910698413849e-02
1.090261898934841156e-02
1.071201823651790619e-02
1.070883776992559433e-02
1.070642564445734024e-02
1.092988252639770508e-02
1.093197148293256760e-02
1.094652898609638214e-02
1.091189961880445480e-02
1.093466486781835556e-02
1.092904713004827499e-02
1.091698370873928070e-02
1.098872255533933640e-02
1.095680519938468933e-02
1.099012792110443115e-02
1.097817812114953995e-02
1.096783019602298737e-02
1.097453478723764420e-02
1.098482217639684677e-02
1.096731331199407578e-02
1.098177023231983185e-02
1.093945652246475220e-02
1.093889679759740829e-02
1.094194874167442322e-02
1.093311328440904617e-02
1.090919971466064453e-02
1.090872287750244141e-02
1.096530724316835403e-02
1.096310280263423920e-02
1.095159351825714111e-02
1.095465850085020065e-02
1.095505151897668839e-02
1.095339749008417130e-02
1.080750301480293274e-02
1.096696313470602036e-02
1.095624361187219620e-02
1.095068361610174179e-02
1.096376124769449234e-02
1.096913591027259827e-02
1.095538958907127380e-02
1.098715607076883316e-02
1.092894840985536575e-02
1.085202954709529877e-02
1.096502505242824554e-02
1.080129202455282211e-02
1.102629117667675018e-02
1.097028143703937531e-02
1.085563283413648605e-02
1.072828844189643860e-02
1.084940601140260696e-02
1.077919825911521912e-02
1.081033237278461456e-02
1.091747730970382690e-02
1.096599828451871872e-02
1.080323942005634308e-02
1.069438457489013672e-02
1.083032134920358658e-02
1.097191590815782547e-02
1.095825433731079102e-02
1.090768817812204361e-02
1.096328627318143845e-02
1.099228486418724060e-02
1.096890866756439209e-02
1.082902029156684875e-02
1.075175032019615173e-02
1.079875603318214417e-02
1.089846901595592499e-02
1.083310041576623917e-02
1.076834835112094879e-02
1.073863077908754349e-02
1.083044055849313736e-02
1.095940358936786652e-02
1.092205662280321121e-02
1.093232631683349609e-02
1.093103177845478058e-02
1.092156302183866501e-02
1.091530453413724899e-02
1.092348527163267136e-02
1.079912204295396805e-02
1.093930471688508987e-02
1.089134160429239273e-02
1.084621157497167587e-02
1.084224879741668701e-02
1.095218583941459656e-02
1.093541178852319717e-02
1.094324700534343719e-02
1.093382108956575394e-02
1.102850772440433502e-02
1.096481177955865860e-02
1.095480564981698990e-02
1.095527224242687225e-02
1.095540449023246765e-02
1.094644423574209213e-02
1.094425283372402191e-02
1.094595994800329208e-02
1.095205359160900116e-02
1.081515662372112274e-02
1.094923727214336395e-02
1.096792705357074738e-02
1.095890998840332031e-02
1.095139794051647186e-02
1.096779759973287582e-02
1.097758952528238297e-02
1.096959318965673447e-02
1.095950976014137268e-02
1.094818860292434692e-02
1.095098536461591721e-02
1.095346640795469284e-02
1.094759441912174225e-02
1.098361797630786896e-02
1.094856392592191696e-02
1.094467099756002426e-02
1.092682592570781708e-02
1.094357203692197800e-02
1.095748320221900940e-02
1.094463933259248734e-02
1.097265630960464478e-02
1.095775607973337173e-02
1.094997953623533249e-02
1.096925884485244751e-02
1.094747893512248993e-02
1.079585216939449310e-02
1.092828530818223953e-02
1.095644664019346237e-02
1.096798013895750046e-02
1.091477461159229279e-02
1.089712511748075485e-02
1.098747830837965012e-02
1.097618788480758667e-02
1.093431934714317322e-02
1.093852985650300980e-02
1.093506440520286560e-02
1.095332764089107513e-02
1.079726871103048325e-02
1.094968616962432861e-02
1.082168705761432648e-02
1.095388550311326981e-02
1.079662796109914780e-02
1.080741267651319504e-02
1.093526557087898254e-02
1.091192103922367096e-02
1.091489382088184357e-02
1.079453621059656143e-02
1.086189690977334976e-02
1.083076372742652893e-02
1.087024901062250137e-02
1.096931565552949905e-02
1.095680426806211472e-02
1.089773513376712799e-02
1.078446209430694580e-02
1.092524360865354538e-02
1.095477305352687836e-02
1.085264980792999268e-02
1.086159702390432358e-02
1.091907266527414322e-02
1.091731525957584381e-02
1.091986894607543945e-02
1.094974111765623093e-02
1.097558345645666122e-02
1.096784882247447968e-02
1.094993576407432556e-02
1.095143519341945648e-02
1.094833202660083771e-02
1.095583289861679077e-02
1.095224358141422272e-02
1.094823330640792847e-02
1.094514224678277969e-02
1.095668040215969086e-02
1.094375550746917725e-02
1.096546370536088943e-02
1.094684004783630371e-02
1.092983596026897430e-02
1.093608327209949493e-02
1.092506106942892075e-02
1.092530414462089539e-02
1.092953793704509735e-02
1.092578563839197159e-02
1.092713233083486557e-02
1.095617003738880157e-02
1.094986498355865479e-02
1.094362698495388031e-02
1.094787288457155228e-02
1.092833839356899261e-02
1.094333548098802567e-02
1.094013173133134842e-02
1.095974445343017578e-02
1.096732076257467270e-02
1.094781141728162766e-02
1.099360920488834381e-02
1.097047515213489532e-02
1.096856780350208282e-02
1.098588109016418457e-02
1.097367890179157257e-02
1.095736213028430939e-02
1.091441046446561813e-02
1.064255833625793457e-02
1.079718861728906631e-02
1.093638688325881958e-02
1.092738192528486252e-02
1.092880032956600189e-02
1.097433082759380341e-02
1.094306353479623795e-02
1.079358160495758057e-02
1.096694730222225189e-02
1.096334122121334076e-02
1.095619983971118927e-02
1.079574320465326309e-02
1.071529276669025421e-02
1.086318492889404297e-02
1.092642731964588165e-02
1.087303087115287781e-02
1.095134671777486801e-02
1.090887561440467834e-02
1.089214254170656204e-02
1.092749834060668945e-02
1.090370584279298782e-02
1.089325360953807831e-02
1.091040391474962234e-02
1.095623057335615158e-02
1.096263434737920761e-02
1.095399726182222366e-02
1.094840932637453079e-02
1.095537655055522919e-02
1.095589995384216309e-02
1.097094733268022537e-02
1.094591245055198669e-02
1.081200502812862396e-02
1.080393791198730469e-02
1.095062494277954102e-02
1.095229573547840118e-02
1.096392888575792313e-02
1.097588147968053818e-02
1.095366757363080978e-02
1.094289124011993408e-02
1.094024255871772766e-02
1.094831526279449463e-02
1.094107981771230698e-02
1.094384118914604187e-02
1.095561403781175613e-02
1.094511430710554123e-02
1.094819977879524231e-02
1.094344910234212875e-02
1.094950642436742783e-02
1.080062054097652435e-02
1.091948337852954865e-02
1.091792061924934387e-02
1.091810595244169235e-02
1.088782027363777161e-02
1.087702810764312744e-02
1.096288766711950302e-02
1.080064475536346436e-02
1.092723011970520020e-02
1.094067562371492386e-02
1.091917231678962708e-02
1.098931580781936646e-02
1.093523763120174408e-02
1.090158522129058838e-02
1.091223396360874176e-02
1.091470383107662201e-02
1.075835432857275009e-02
1.075980160385370255e-02
1.085839048027992249e-02
1.092963758856058121e-02
1.093041524291038513e-02
1.077659148722887039e-02
1.094897557049989700e-02
1.081376243382692337e-02
1.076842937618494034e-02
1.088555715978145599e-02
1.087174843996763229e-02
1.092816237360239029e-02
1.093016657978296280e-02
1.092651207000017166e-02
1.086441427469253540e-02
1.086668111383914948e-02
1.095807924866676331e-02
1.094917580485343933e-02
1.096121221780776978e-02
1.076455041766166687e-02
1.077677030116319656e-02
1.094406004995107651e-02
1.096422597765922546e-02
1.094869803637266159e-02
1.095946691930294037e-02
1.096220873296260834e-02
1.094785518944263458e-02
1.092800404876470566e-02
1.094891037791967392e-02
1.090831216424703598e-02
1.091786101460456848e-02
1.094383280724287033e-02
1.094666868448257446e-02
1.094883307814598083e-02
1.094521023333072662e-02
1.094892434775829315e-02
1.091732643544673920e-02
1.093288511037826538e-02
1.092876307666301727e-02
1.092636119574308395e-02
1.095862314105033875e-02
1.092774048447608948e-02
1.090350560843944550e-02
1.077647507190704346e-02
1.076454762369394302e-02
1.072412822395563126e-02
1.095953304320573807e-02
1.094576902687549591e-02
1.095633115619421005e-02
1.095801312476396561e-02
1.094431802630424500e-02
1.094409171491861343e-02
1.092637609690427780e-02
1.092529855668544769e-02
1.090051978826522827e-02
1.090002339333295822e-02
1.091932877898216248e-02
1.094137318432331085e-02
1.094828359782695770e-02
1.094201579689979553e-02
1.096163969486951828e-02
1.094489451497793198e-02
1.091606635600328445e-02
1.095805875957012177e-02
1.095090806484222412e-02
1.098847854882478714e-02
1.096759922802448273e-02
1.095940079540014267e-02
1.079345028847455978e-02
1.092275604605674744e-02
1.093470677733421326e-02
1.093237753957509995e-02
1.097174268215894699e-02
1.100378483533859253e-02
1.090188883244991302e-02
1.093036029487848282e-02
1.093475148081779480e-02
1.093167718499898911e-02
1.087319664657115936e-02
1.088391616940498352e-02
1.094682794064283371e-02
1.095913350582122803e-02
1.097446493804454803e-02
1.093305367976427078e-02
1.094483025372028351e-02
1.095627993345260620e-02
1.086455956101417542e-02
1.096217893064022064e-02
1.093821041285991669e-02
1.093446463346481323e-02
1.092426571995019913e-02
1.089867763221263885e-02
1.092037372291088104e-02
1.080840919166803360e-02
1.100191194564104080e-02
1.094933692365884781e-02
1.094349753111600876e-02
1.099586021155118942e-02
1.128060463815927505e-02
1.095074042677879333e-02
1.095681730657815933e-02
1.094929687678813934e-02
1.129062753170728683e-02
1.097499206662178040e-02
1.095590926706790924e-02
1.096248254179954529e-02
1.079174224287271500e-02
