2.500519752502441406e-01
1.310903877019882202e-01
1.910199820995330811e-01
8.515702933073043823e-02
1.254823505878448486e-01
8.947691321372985840e-02
4.648721963167190552e-02
3.908923640847206116e-02
3.574594855308532715e-02
4.241335019469261169e-02
3.089026920497417450e-02
2.781475149095058441e-02
3.591889142990112305e-02
2.479931339621543884e-02
1.534739881753921509e-02
1.180293783545494080e-02
9.506359696388244629e-03
1.243686862289905548e-02
1.497929077595472336e-02
7.965141907334327698e-03
1.332159340381622314e-02
1.054102182388305664e-02
6.482016760855913162e-03
9.892968460917472839e-03
8.069907315075397491e-03
5.898165050894021988e-03
6.259763613343238831e-03
6.549027282744646072e-03
5.089943297207355499e-03
4.248114302754402161e-03
6.017616949975490570e-03
7.452240679413080215e-03
3.559381701052188873e-03
6.219235714524984360e-03
4.548125900328159332e-03
4.134995862841606140e-03
5.733394064009189606e-03
6.274249870330095291e-03
4.896561615169048309e-03
3.962381742894649506e-03
3.519439138472080231e-03
3.004324156790971756e-03
2.506192075088620186e-03
2.771605737507343292e-03
2.115819370374083519e-03
2.517944434657692909e-03
3.256585448980331421e-03
1.630424172617495060e-03
2.438320079818367958e-03
1.429562107659876347e-03
2.200904767960309982e-03
1.787831773981451988e-03
1.321132760494947433e-03
2.246104413643479347e-03
1.991442404687404633e-03
2.149759558960795403e-03
1.929655903950333595e-03
2.998172305524349213e-03
2.331816125661134720e-03
1.289075124077498913e-03
1.574346679262816906e-03
1.472884672693908215e-03
2.108686137944459915e-03
1.144028501585125923e-03
1.844807877205312252e-03
1.130091957747936249e-03
1.474870834499597549e-03
1.793299918062984943e-03
1.422557397745549679e-03
1.329052145592868328e-03
1.097173662856221199e-03
1.795112621039152145e-03
1.158480416052043438e-03
1.040207804180681705e-03
1.154430559836328030e-03
1.261243945918977261e-03
9.975242428481578827e-04
1.394074177369475365e-03
9.950069943442940712e-04
1.116013852879405022e-03
1.449276693165302277e-03
7.675149245187640190e-04
6.908945506438612938e-04
1.261633471585810184e-03
1.147906645201146603e-03
9.332771878689527512e-04
1.069290097802877426e-03
8.205040940083563328e-04
5.595814436674118042e-04
5.457682418636977673e-04
6.947100628167390823e-04
5.206053028814494610e-04
8.953158976510167122e-04
6.891441298648715019e-04
1.526735839433968067e-03
6.821115384809672832e-04
8.026310242712497711e-04
7.400628528557717800e-04
8.167352061718702316e-04
6.265196716412901878e-04
8.691817056387662888e-04
7.823751657269895077e-04
6.750995526090264320e-04
6.683887913823127747e-04
5.963142612017691135e-04
9.629903361201286316e-04
9.079551091417670250e-04
1.531985122710466385e-03
9.338781819678843021e-04
7.011756533756852150e-04
8.665478089824318886e-04
9.206142276525497437e-04
7.773549295961856842e-04
5.890993634238839149e-04
1.054532360285520554e-03
4.716208495665341616e-04
6.087444489821791649e-04
7.503429078496992588e-04
6.440876750275492668e-04
7.988326833583414555e-04
5.670991376973688602e-04
3.669469733722507954e-04
5.061900010332465172e-04
4.514919710345566273e-04
5.130199715495109558e-04
5.051445914432406425e-04
6.014983518980443478e-04
4.395953728817403316e-04
5.334428860805928707e-04
4.463444929569959641e-04
5.691022961400449276e-04
5.261469632387161255e-04
1.081322319805622101e-03
5.400103400461375713e-04
7.702320581302046776e-04
5.688492092303931713e-04
5.265763611532747746e-04
5.057181115262210369e-04
4.843285423703491688e-04
6.386564928106963634e-04
6.271374877542257309e-04
4.318268620409071445e-04
3.847339830826967955e-04
4.498748457990586758e-04
3.430719953030347824e-04
3.742768894881010056e-04
3.810554044321179390e-04
3.396009851712733507e-04
3.430719953030347824e-04
4.417199234012514353e-04
4.258724802639335394e-04
8.751490386202931404e-04
5.624671466648578644e-04
5.138005944900214672e-04
8.250142564065754414e-04
4.871739365626126528e-04
5.170645308680832386e-04
4.502693773247301579e-04
4.488615086302161217e-04
4.287556221242994070e-04
5.604616017080843449e-04
4.427828826010227203e-04
4.442892095539718866e-04
4.819362366106361151e-04
4.798187874257564545e-04
4.490181163419038057e-04
4.348891670815646648e-04
4.436085291672497988e-04
5.003227270208299160e-04
4.465711826924234629e-04
4.884034860879182816e-04
4.447365936357527971e-04
4.283336456865072250e-04
3.659748181235045195e-04
3.581966448109596968e-04
4.935436882078647614e-04
5.758049665018916130e-04
5.214107222855091095e-04
5.166823975741863251e-04
4.173324850853532553e-04
6.139024626463651657e-04
5.094996886327862740e-04
6.301024113781750202e-04
4.741665034089237452e-04
4.436261078808456659e-04
3.915212000720202923e-04
4.735592810902744532e-04
3.162303473800420761e-04
4.646080196835100651e-04
4.369026573840528727e-04
5.143627640791237354e-04
6.334343343041837215e-04
4.761127929668873549e-04
5.265161744318902493e-04
3.783886495511978865e-04
5.422676331363618374e-04
3.199680941179394722e-04
4.022315551992505789e-04
3.881577285937964916e-04
4.237275279592722654e-04
4.257445398252457380e-04
4.401004116516560316e-04
3.425886097829788923e-04
3.989270771853625774e-04
3.913207037840038538e-04
2.669630630407482386e-04
2.713910071179270744e-04
3.761912230402231216e-04
2.969357010442763567e-04
5.522680003196001053e-04
4.309355281293392181e-04
4.606133152265101671e-04
3.500959719531238079e-04
4.102130769751966000e-04
3.667095152195543051e-04
3.558203461579978466e-04
3.516411816235631704e-04
4.464804951567202806e-04
4.056985198985785246e-04
5.635985871776938438e-04
3.472778480499982834e-04
6.439122371375560760e-04
4.647416644729673862e-04
4.587935109157115221e-04
5.456123035401105881e-04
3.152559511363506317e-04
4.305248148739337921e-04
6.501344614662230015e-04
5.787636619061231613e-04
5.316657479852437973e-04
6.119870231486856937e-04
5.628885119222104549e-04
5.010882741771638393e-04
5.221895407885313034e-04
4.693634691648185253e-04
4.191829066257923841e-04
6.268210709095001221e-04
4.325951449573040009e-04
3.435225808061659336e-04
3.361017152201384306e-04
4.171790787950158119e-04
5.190696683712303638e-04
6.881618173792958260e-04
6.997275049798190594e-04
4.423013888299465179e-04
5.084239528514444828e-04
4.266945179551839828e-04
5.948857869952917099e-04
5.101106944493949413e-04
5.756361642852425575e-04
5.683773197233676910e-04
7.590409368276596069e-04
4.875107842963188887e-04
5.738671170547604561e-04
5.101295537315309048e-04
5.543037550523877144e-04
4.293877864256501198e-04
4.957867204211652279e-04
4.122364625800400972e-04
5.892700864933431149e-04
5.588005878962576389e-04
4.707643238361924887e-04
4.233325307723134756e-04
4.581298562698066235e-04
3.856534603983163834e-04
4.262144793756306171e-04
7.782359607517719269e-04
3.707497671712189913e-04
4.727761843241751194e-04
4.159017698839306831e-04
4.084403917659074068e-04
4.273423983249813318e-04
6.225425167940557003e-04
4.167311708442866802e-04
3.350644255988299847e-04
4.074532189406454563e-04
3.685037081595510244e-04
3.423393354751169682e-04
3.827070468105375767e-04
4.841029294766485691e-04
3.711561439558863640e-04
5.366470431908965111e-04
4.060371429659426212e-04
6.354220677167177200e-04
5.477696540765464306e-04
3.540237084962427616e-04
6.556263542734086514e-04
4.986868589185178280e-04
8.065805304795503616e-04
6.713074981234967709e-04
7.244917796924710274e-04
7.601777324452996254e-04
5.540399579331278801e-04
8.143725572153925896e-04
5.853266920894384384e-04
7.653136854059994221e-04
7.913234294392168522e-04
5.554044619202613831e-04
5.342416698113083839e-04
5.442264955490827560e-04
5.732903955504298210e-04
4.093901952728629112e-04
4.599764943122863770e-04
6.234500324353575706e-04
4.535536572802811861e-04
5.593389505520462990e-04
3.614619781728833914e-04
7.285210303962230682e-04
3.737212973646819592e-04
5.461191758513450623e-04
7.417242159135639668e-04
5.195179255679249763e-04
4.604521673172712326e-04
6.271732854656875134e-04
4.867057141382247210e-04
4.864848160650581121e-04
4.862008790951222181e-04
5.208746297284960747e-04
5.626791971735656261e-04
4.030592099297791719e-04
5.807901616208255291e-04
3.491842944640666246e-04
3.301293763797730207e-04
4.621753178071230650e-04
4.045300302095711231e-04
4.829154931940138340e-04
4.030376730952411890e-04
3.528023371472954750e-04
3.554426948539912701e-04
3.349422477185726166e-04
2.908294845838099718e-04
4.475667956285178661e-04
3.461125306785106659e-04
4.730328219011425972e-04
4.273867525625973940e-04
3.158340696245431900e-04
4.555360646918416023e-04
4.556124040391296148e-04
3.611220745369791985e-04
5.606733029708266258e-04
3.459728322923183441e-04
3.630865539889782667e-04
4.434654256328940392e-04
3.560025361366569996e-04
3.481069579720497131e-04
4.041536885779350996e-04
3.207788977306336164e-04
3.669469733722507954e-04
3.232067974749952555e-04
5.064234137535095215e-04
3.262916579842567444e-04
3.697359061334282160e-04
3.947617660742253065e-04
3.113103157375007868e-04
4.150173044763505459e-04
4.397353623062372208e-04
2.903377171605825424e-04
4.120258963666856289e-04
3.891259839292615652e-04
4.304085741750895977e-04
3.750891191884875298e-04
3.804668958764523268e-04
3.882798773702234030e-04
3.271880850661545992e-04
2.820032823365181684e-04
3.779458638746291399e-04
5.059433169662952423e-04
3.344733559060841799e-04
4.772475513163954020e-04
2.896596852224320173e-04
5.389471189118921757e-04
3.799950063694268465e-04
3.990199475083500147e-04
4.720791766885668039e-04
4.332152311690151691e-04
4.332127282395958900e-04
4.300994914956390858e-04
4.325752961449325085e-04
3.420107823330909014e-04
5.538183031603693962e-04
4.580430977512151003e-04
4.208368773106485605e-04
3.756434307433664799e-04
3.901472373399883509e-04
3.981179615948349237e-04
3.044454788323491812e-04
4.945028340443968773e-04
3.550944093149155378e-04
4.016245075035840273e-04
3.754886565729975700e-04
3.327619342599064112e-04
3.436617844272404909e-04
3.185303648933768272e-04
3.189347335137426853e-04
3.423305170144885778e-04
4.096024786122143269e-04
5.368265556171536446e-04
3.152411372866481543e-04
5.665854550898075104e-04
2.939645783044397831e-04
5.424591945484280586e-04
4.423490318004041910e-04
4.942854866385459900e-04
4.104690451640635729e-04
3.605604870244860649e-04
4.770522646140307188e-04
4.662951687350869179e-04
4.379348538350313902e-04
3.986794908996671438e-04
5.021348479203879833e-04
4.144079575780779123e-04
4.867346433456987143e-04
3.428402123972773552e-04
4.799180314876139164e-04
5.113310762681066990e-04
3.839487326331436634e-04
5.297351744957268238e-04
3.674129548016935587e-04
4.366435459814965725e-04
3.753593191504478455e-04
3.903191245626658201e-04
3.358089306857436895e-04
3.172444703523069620e-04
3.004959435202181339e-04
4.785088531207293272e-04
4.597515217028558254e-04
3.102742484770715237e-04
6.289747543632984161e-04
5.341452197171747684e-04
3.787899040617048740e-04
4.390681569930166006e-04
4.126456042286008596e-04
3.793353389482945204e-04
3.609272825997322798e-04
3.965520008932799101e-04
3.367008175700902939e-04
3.809623303823173046e-04
3.620582865551114082e-04
5.262754857540130615e-04
3.349880571477115154e-04
3.789848124142736197e-04
3.126031078863888979e-04
4.066667461302131414e-04
3.597030881792306900e-04
3.897658607456833124e-04
7.857966120354831219e-04
4.035188467241823673e-04
6.686631240881979465e-04
6.249302532523870468e-04
5.956856184639036655e-04
4.922336083836853504e-04
6.408787448890507221e-04
5.147088668309152126e-04
4.336892452556639910e-04
6.824354059062898159e-04
4.348817165009677410e-04
3.937959845643490553e-04
5.339303170330822468e-04
4.685709427576512098e-04
3.682909300550818443e-04
3.838249540422111750e-04
4.684728919528424740e-04
4.491368308663368225e-04
2.880691899918019772e-04
4.924796521663665771e-04
5.248079542070627213e-04
5.996899562887847424e-04
3.863560850732028484e-04
3.760501858778297901e-04
3.290602471679449081e-04
3.326553851366043091e-04
3.338958485983312130e-04
3.462278691586107016e-04
3.652727464213967323e-04
3.926329663954675198e-04
3.507922228891402483e-04
3.367292520124465227e-04
2.985133323818445206e-04
3.396559040993452072e-04
4.252453800290822983e-04
4.451590357348322868e-04
3.783468855544924736e-04
3.529814712237566710e-04
3.302441909909248352e-04
3.610518469940871000e-04
3.446348418947309256e-04
3.641731454990804195e-04
3.804761799983680248e-04
2.965372987091541290e-04
3.151522541884332895e-04
3.360929840710014105e-04
2.943632716778665781e-04
3.854591923300176859e-04
5.531984497793018818e-04
4.455967864487320185e-04
8.714641444385051727e-04
8.576504187658429146e-04
6.880867877043783665e-04
7.815451244823634624e-04
5.559805431403219700e-04
7.790775853209197521e-04
8.546402095817029476e-04
6.658578640781342983e-04
5.998592823743820190e-04
7.025652448646724224e-04
6.578564643859863281e-04
4.978619399480521679e-04
6.613559089601039886e-04
7.480262429453432560e-04
5.176257691346108913e-04
5.449609016068279743e-04
7.161796092987060547e-04
5.434564081951975822e-04
5.525790038518607616e-04
7.613581256009638309e-04
6.024518515914678574e-04
5.812154267914593220e-04
6.253683823160827160e-04
5.904774297960102558e-04
7.816517609171569347e-04
6.289837183430790901e-04
6.199812632985413074e-04
4.830491088796406984e-04
5.149036296643316746e-04
5.133061786182224751e-04
3.655895125120878220e-04
7.707548793405294418e-04
4.798579611815512180e-04
5.118865519762039185e-04
5.234297714196145535e-04
5.371635779738426208e-04
3.493825788609683514e-04
5.283696809783577919e-04
4.775861743837594986e-04
4.583314585033804178e-04
5.268937093205749989e-04
4.627726448234170675e-04
4.398078599479049444e-04
5.026211729273200035e-04
4.270097706466913223e-04
3.512545663397759199e-04
3.206444089300930500e-04
3.412902296986430883e-04
3.989984979853034019e-04
2.617801364976912737e-04
2.913460775744169950e-04
4.207928723189979792e-04
2.567091432865709066e-04
4.280326829757541418e-04
3.818866098299622536e-04
4.224132571835070848e-04
4.131809400860220194e-04
4.855255829170346260e-04
4.595777427311986685e-04
4.656467062886804342e-04
3.622896911110728979e-04
3.707956639118492603e-04
4.056289035361260176e-04
3.342205018270760775e-04
4.335179692134261131e-04
3.389685880392789841e-04
5.365338292904198170e-04
5.237270961515605450e-04
4.712713998742401600e-04
6.721108220517635345e-04
4.864296060986816883e-04
8.179655415005981922e-04
4.428506072144955397e-04
7.823618361726403236e-04
8.076507365331053734e-04
4.766461788676679134e-04
5.416237981989979744e-04
9.229450370185077190e-04
6.476838607341051102e-04
5.676159635186195374e-04
8.137093391269445419e-04
8.052776101976633072e-04
5.221187020651996136e-04
7.169901509769260883e-04
7.835459546186029911e-04
6.906376802362501621e-04
7.800094899721443653e-04
5.355816101655364037e-04
8.033235208131372929e-04
4.941185470670461655e-04
8.087725145742297173e-04
6.680005462840199471e-04
4.253658407833427191e-04
5.754503072239458561e-04
5.552668008022010326e-04
4.476273315958678722e-04
6.772291380912065506e-04
4.287037882022559643e-04
5.140762077644467354e-04
3.530777757987380028e-04
2.973014488816261292e-04
3.173994773533195257e-04
3.578425385057926178e-04
4.120646335650235415e-04
5.876593058928847313e-04
3.748075105249881744e-04
5.066997255198657513e-04
5.290055996738374233e-04
3.449558280408382416e-04
5.239617312327027321e-04
4.462160577531903982e-04
5.170563817955553532e-04
4.942960804328322411e-04
4.341859021224081516e-04
5.662988987751305103e-04
5.909844185225665569e-04
4.384264175314456224e-04
4.014119331259280443e-04
5.233370466157793999e-04
4.648238827940076590e-04
4.073666059412062168e-04
4.713852831628173590e-04
3.625552053563296795e-04
4.376729484647512436e-04
4.074339813087135553e-04
4.067148256581276655e-04
3.167329705320298672e-04
3.457799321040511131e-04
3.609816485550254583e-04
3.646874683909118176e-04
4.145535931456834078e-04
3.518625162541866302e-04
3.422863956075161695e-04
3.944917989429086447e-04
3.510535170789808035e-04
3.194181772414594889e-04
3.429726348258554935e-04
3.079750167671591043e-04
3.268797881901264191e-04
4.616219084709882736e-04
3.958591551054269075e-04
4.910627030767500401e-04
3.397525870241224766e-04
5.116033717058598995e-04
3.802739083766937256e-04
3.812532231677323580e-04
4.047290422022342682e-04
4.201011033728718758e-04
3.523255581967532635e-04
5.071667837910354137e-04
3.372763458173722029e-04
3.450731746852397919e-04
3.025348705705255270e-04
3.651816223282366991e-04
3.162557841278612614e-04
3.512791299726814032e-04
2.915211080107837915e-04
3.010562213603407145e-04
3.279691154602915049e-04
3.349400649312883615e-04
4.211524210404604673e-04
3.266233543399721384e-04
3.825624880846589804e-04
3.535550786182284355e-04
3.596443275455385447e-04
3.125841321889311075e-04
3.648627607617527246e-04
4.983700928278267384e-04
3.170937416143715382e-04
3.216741315554827452e-04
3.461946034803986549e-04
4.175638605374842882e-04
3.862389421556144953e-04
4.973752656951546669e-04
3.877444833051413298e-04
3.702839603647589684e-04
2.941955754067748785e-04
3.637751506175845861e-04
4.131203750148415565e-04
3.205077955499291420e-04
4.169356252532452345e-04
5.232961266301572323e-04
3.471978707239031792e-04
3.546138468664139509e-04
4.456320311874151230e-04
4.232393403071910143e-04
2.882998960558325052e-04
5.603177123703062534e-04
4.013617581222206354e-04
4.893022705800831318e-04
4.879609914496541023e-04
4.299338615965098143e-04
6.778590031899511814e-04
6.010744837112724781e-04
4.179220413789153099e-04
5.534648662433028221e-04
5.050025647506117821e-04
4.034086887259036303e-04
4.790331295225769281e-04
5.742298671975731850e-04
5.012403707951307297e-04
3.849701897706836462e-04
1.021808013319969177e-03
5.918657407164573669e-04
4.963867831975221634e-04
8.996871765702962875e-04
6.476292619481682777e-04
4.868556279689073563e-04
5.490649491548538208e-04
6.790669285692274570e-04
5.717871827073395252e-04
5.177044658921658993e-04
5.583610618487000465e-04
5.782361258752644062e-04
5.897360388189554214e-04
4.373787087388336658e-04
4.286223556846380234e-04
4.790357488673180342e-04
3.856300609186291695e-04
3.650381113402545452e-04
2.913481148425489664e-04
5.640175659209489822e-04
3.089779056608676910e-04
8.491115295328199863e-04
4.642946005333214998e-04
6.653965101577341557e-04
5.654481356032192707e-04
4.720921278931200504e-04
4.743222671095281839e-04
3.854334354400634766e-04
7.483294466510415077e-04
5.504597211256623268e-04
4.763547331094741821e-04
6.966563523747026920e-04
5.313194706104695797e-04
5.591021617874503136e-04
4.025209054816514254e-04
7.057000184431672096e-04
5.142276058904826641e-04
3.698803193401545286e-04
6.143928621895611286e-04
6.713136681355535984e-04
5.167148774489760399e-04
5.947462050244212151e-04
4.101961967535316944e-04
7.974620093591511250e-04
6.925782072357833385e-04
4.829574027098715305e-04
6.464860634878277779e-04
6.773315253667533398e-04
5.532601498998701572e-04
4.651220806408673525e-04
5.945194861851632595e-04
6.859807763248682022e-04
4.843810165766626596e-04
4.517503839451819658e-04
6.285413401201367378e-04
4.777946160174906254e-04
3.541201585903763771e-04
4.532769671641290188e-04
3.980204346589744091e-04
4.119847726542502642e-04
4.669956106226891279e-04
3.022363525815308094e-04
4.893919103778898716e-04
4.921146319247782230e-04
3.677649365272372961e-04
4.734399553854018450e-04
4.419705073814839125e-04
5.246714572422206402e-04
5.887955776415765285e-04
4.914352321065962315e-04
4.777789581567049026e-04
3.763553977478295565e-04
4.595674981828778982e-04
5.144114256836473942e-04
4.306930350139737129e-04
3.818796249106526375e-04
3.918042930308729410e-04
4.158118099439889193e-04
3.142323403153568506e-04
5.316657479852437973e-04
3.704055270645767450e-04
6.971000693738460541e-04
4.941503284499049187e-04
4.409485845826566219e-04
4.848848620895296335e-04
3.819238918367773294e-04
4.216026864014565945e-04
4.447215178515762091e-04
4.353591357357800007e-04
5.539950216189026833e-04
4.317649290896952152e-04
4.171035834588110447e-04
4.487630212679505348e-04
3.503681509755551815e-04
3.792355128098279238e-04
3.650631697382777929e-04
3.336758818477392197e-04
3.284896083641797304e-04
3.335757064633071423e-04
3.327771555632352829e-04
3.488502406980842352e-04
3.131977573502808809e-04
3.628980484791100025e-04
3.586096572689712048e-04
3.361957205925136805e-04
3.399855340830981731e-04
3.034021938219666481e-04
3.276216448284685612e-04
3.610042913351207972e-04
3.172720898874104023e-04
3.418498381506651640e-04
3.196589823346585035e-04
3.019255818799138069e-04
3.318209783174097538e-04
3.324444987811148167e-04
2.857249346561729908e-04
3.174292214680463076e-04
2.980480494443327188e-04
3.026074555236846209e-04
3.334581560920923948e-04
3.466960624791681767e-04
3.015011025127023458e-04
5.379125941544771194e-04
2.688615932129323483e-04
2.610997471492737532e-04
3.102070477325469255e-04
2.690160181373357773e-04
2.807295240927487612e-04
2.573933743406087160e-04
2.597261918708682060e-04
2.673313138075172901e-04
2.958110708277672529e-04
3.704835544340312481e-04
2.632364339660853148e-04
4.543334071058779955e-04
3.779922262765467167e-04
3.724525740835815668e-04
5.141194560565054417e-04
4.200742405373603106e-04
3.989389806520193815e-04
3.657422494143247604e-04
4.599790554493665695e-04
4.358617297839373350e-04
3.982321359217166901e-04
3.439270367380231619e-04
5.448329029604792595e-04
3.017743874806910753e-04
3.420967550482600927e-04
4.035715246573090553e-04
3.007956547662615776e-04
3.045827616006135941e-04
3.008432104252278805e-04
2.707805833779275417e-04
3.086971701122820377e-04
3.664675750769674778e-04
3.185814130119979382e-04
4.308365460019558668e-04
3.081549366470426321e-04
4.137675568927079439e-04
3.476400452200323343e-04
4.675573727581650019e-04
4.663698200602084398e-04
3.638046910054981709e-04
3.847526968456804752e-04
3.454608086030930281e-04
3.759669780265539885e-04
3.539272584021091461e-04
2.964223676826804876e-04
3.099152818322181702e-04
2.955199743155390024e-04
3.114196879323571920e-04
2.919038815889507532e-04
2.929394540842622519e-04
2.861522953025996685e-04
2.699886681511998177e-04
2.687794913072139025e-04
3.108624659944325686e-04
2.739480405580252409e-04
2.774078166112303734e-04
2.914172946475446224e-04
2.999196876771748066e-04
2.999341231770813465e-04
2.814790350385010242e-04
2.715618757065385580e-04
2.599664148874580860e-04
3.580387565307319164e-04
3.410238132346421480e-04
3.270026645623147488e-04
2.584482717793434858e-04
4.085753171239048243e-04
3.031427040696144104e-04
2.896414080169051886e-04
3.460659645497798920e-04
3.206956316716969013e-04
3.460748121142387390e-04
3.197932674083858728e-04
3.399415872991085052e-04
3.514914133120328188e-04
3.225898544769734144e-04
4.683155275415629148e-04
3.973072743974626064e-04
3.233375318814069033e-04
4.187461454421281815e-04
2.867575676646083593e-04
4.392280243337154388e-04
3.215928736608475447e-04
2.864124835468828678e-04
3.592465363908559084e-04
2.877172664739191532e-04
3.356909728609025478e-04
2.852053148671984673e-04
3.176501486450433731e-04
2.612211101222783327e-04
3.720822569448500872e-04
3.898717695847153664e-04
3.512657422106713057e-04
3.951574035454541445e-04
3.636342007666826248e-04
2.856100909411907196e-04
3.689546720124781132e-04
3.420702996663749218e-04
2.971904759760946035e-04
3.503681509755551815e-04
2.751647843979299068e-04
2.982477017212659121e-04
2.944737207144498825e-04
2.738829061854630709e-04
3.771212650462985039e-04
3.702747635543346405e-04
3.415920073166489601e-04
3.325444995425641537e-04
2.982621081173419952e-04
4.161181568633764982e-04
3.125651564914733171e-04
3.077219298575073481e-04
3.650586295407265425e-04
3.324553836137056351e-04
3.767556045204401016e-04
4.875423910561949015e-04
3.451218944974243641e-04
4.195295623503625393e-04
3.724203561432659626e-04
3.212423762306571007e-04
4.566409625113010406e-04
3.951265825890004635e-04
3.531584225129336119e-04
5.037683295086026192e-04
4.065489629283547401e-04
4.206803860142827034e-04
5.850267480127513409e-04
6.544638890773057938e-04
3.452525706961750984e-04
3.976091102231293917e-04
4.503629752434790134e-04
3.751999756786972284e-04
3.720799577422440052e-04
4.211157211102545261e-04
3.564615035429596901e-04
3.553011047188192606e-04
3.205995890311896801e-04
3.405946772545576096e-04
2.655003336258232594e-04
3.183240187354385853e-04
3.653001040220260620e-04
2.999960561282932758e-04
3.711262834258377552e-04
3.694586048368364573e-04
2.945269225165247917e-04
3.752022748813033104e-04
3.529254754539579153e-04
3.083161136601120234e-04
5.160701693966984749e-04
2.966604952234774828e-04
4.964637919329106808e-04
4.183535056654363871e-04
3.551662957761436701e-04
5.167284398339688778e-04
5.449024611152708530e-04
4.129386506974697113e-04
3.624893724918365479e-04
3.638297202996909618e-04
3.672713064588606358e-04
3.292181354481726885e-04
4.668024193961173296e-04
4.177758237347006798e-04
4.841029294766485691e-04
3.813579678535461426e-04
5.555308889597654343e-04
5.201403400860726833e-04
3.769175673369318247e-04
4.150828754063695669e-04
4.559432563837617636e-04
3.931929823011159897e-04
3.713215119205415249e-04
3.955579886678606272e-04
3.938669688068330288e-04
4.128030268475413322e-04
3.835517272818833590e-04
5.426313728094100952e-04
3.846381150651723146e-04
4.320374573580920696e-04
3.905146440956741571e-04
3.132230776827782393e-04
3.052176325581967831e-04
4.337190475780516863e-04
4.313365207053720951e-04
3.579756012186408043e-04
5.607721395790576935e-04
4.624828870873898268e-04
3.576756862457841635e-04
4.861824854742735624e-04
4.098606586921960115e-04
3.745767753571271896e-04
4.743690078612416983e-04
4.574616032186895609e-04
4.402254417072981596e-04
3.803297004196792841e-04
3.688562137540429831e-04
3.965804935432970524e-04
4.658653633669018745e-04
3.468314534984529018e-04
3.376442473381757736e-04
4.206461599096655846e-04
2.979863202199339867e-04
3.494449774734675884e-04
4.894763114862143993e-04
3.001261502504348755e-04
4.217985260765999556e-04
3.763646527659147978e-04
4.172764602117240429e-04
3.377822577022016048e-04
3.183750668540596962e-04
3.604767553042620420e-04
3.388939949218183756e-04
2.927354362327605486e-04
3.021265438292175531e-04
2.895623038057237864e-04
3.279475204180926085e-04
3.075839194934815168e-04
3.450266667641699314e-04
3.191540308762341738e-04
2.671676047611981630e-04
3.681559755932539701e-04
3.659132344182580709e-04
3.519788151606917381e-04
4.246703465469181538e-04
4.777841968461871147e-04
2.929476031567901373e-04
4.256019019521772861e-04
3.888414939865469933e-04
3.188985283486545086e-04
3.205910616088658571e-04
4.182730335742235184e-04
3.598116454668343067e-04
3.317884111311286688e-04
3.465229528956115246e-04
3.781822742894291878e-04
2.934231888502836227e-04
3.938977024517953396e-04
4.546154814306646585e-04
2.881865657400339842e-04
5.728937685489654541e-04
3.853678936138749123e-04
3.773898642975836992e-04
3.278072108514606953e-04
4.479577764868736267e-04
3.332600754220038652e-04
4.343623004388064146e-04
3.661823866423219442e-04
4.141895915381610394e-04
3.795721859205514193e-04
3.186324902344495058e-04
4.071621224284172058e-04
3.603635996114462614e-04
4.935357719659805298e-04
4.555335035547614098e-04
3.539294993970543146e-04
2.957844117190688848e-04
3.279885568190366030e-04
2.934129734057933092e-04
3.125756920780986547e-04
4.058522172272205353e-04
3.296248905826359987e-04
4.367406945675611496e-04
4.189291212242096663e-04
3.132800338789820671e-04
4.743949684780091047e-04
3.475778212305158377e-04
3.246163541916757822e-04
3.808087785728275776e-04
3.096571890637278557e-04
3.287813451606780291e-04
3.869491338264197111e-04
3.055301203858107328e-04
3.374734078533947468e-04
3.327836748212575912e-04
2.965722233057022095e-04
3.036078123841434717e-04
3.571730921976268291e-04
2.477412635926157236e-04
4.248521581757813692e-04
3.060387389268726110e-04
2.582949819043278694e-04
3.539317403919994831e-04
3.812788345385342836e-04
3.171765420120209455e-04
3.421430592425167561e-04
3.315387584734708071e-04
3.077240253333002329e-04
4.148351727053523064e-04
3.047367499675601721e-04
3.387096803635358810e-04
3.272182657383382320e-04
2.862773253582417965e-04
3.745998255908489227e-04
2.943203144241124392e-04
3.428578493185341358e-04
3.582327626645565033e-04
2.723895595408976078e-04
2.787834964692592621e-04
3.684808325488120317e-04
2.908477908931672573e-04
3.563647333066910505e-04
2.758177288342267275e-04
3.190880233887583017e-04
3.157005994580686092e-04
2.980789286084473133e-04
3.440243308432400227e-04
2.901021216530352831e-04
2.904453722294420004e-04
2.568772470112890005e-04
3.355730441398918629e-04
3.730095340870320797e-04
3.208237467333674431e-04
3.211740113329142332e-04
3.765427391044795513e-04
3.023151075467467308e-04
3.008742351084947586e-04
3.557529125828295946e-04
2.983238955494016409e-04
3.542300837580114603e-04
3.079854650422930717e-04
4.193366912659257650e-04
4.244541923981159925e-04
3.229968133382499218e-04
4.656518285628408194e-04
4.334286204539239407e-04
3.353263309691101313e-04
3.903662436641752720e-04
4.542063688859343529e-04
3.811787464655935764e-04
3.844768216367810965e-04
4.325876943767070770e-04
3.795605734921991825e-04
3.527978551574051380e-04
3.484963090158998966e-04
3.616591857280582190e-04
3.090910613536834717e-04
4.453653236851096153e-04
3.035911940969526768e-04
4.873555153608322144e-04
4.996723146177828312e-04
3.520593454595655203e-04
4.353666154202073812e-04
4.785010241903364658e-04
3.811159112956374884e-04
3.843435843009501696e-04
4.871713172178715467e-04
4.295211692806333303e-04
4.522420640569180250e-04
3.462389577180147171e-04
3.417308325879275799e-04
3.827537002507597208e-04
3.002790035679936409e-04
5.226009525358676910e-04
3.036285634152591228e-04
4.001279885414987803e-04
3.618768532760441303e-04
3.435866674408316612e-04
3.834140079561620951e-04
4.990888992324471474e-04
3.590296546462923288e-04
3.580974007491022348e-04
3.047887585125863552e-04
3.310679167043417692e-04
2.813930332195013762e-04
2.844769915100187063e-04
2.879741077776998281e-04
3.130289842374622822e-04
2.884092100430279970e-04
2.539376437198370695e-04
3.774153301492333412e-04
2.808353747241199017e-04
3.247624263167381287e-04
3.180411877110600471e-04
3.165250818710774183e-04
2.692311536520719528e-04
3.040898882318288088e-04
2.947601897176355124e-04
2.932088391389697790e-04
2.769195998553186655e-04
3.477356221992522478e-04
4.640480328816920519e-04
3.199254570063203573e-04
4.684806335717439651e-04
3.451108059380203485e-04
3.290580934844911098e-04
4.496346809901297092e-04
3.996726591140031815e-04
3.991009143646806479e-04
3.884443140123039484e-04
3.241032536607235670e-04
3.369961923453956842e-04
3.516322467476129532e-04
4.246801545377820730e-04
4.261480353306978941e-04
6.281588575802743435e-04
3.660523507278412580e-04
5.974996020086109638e-04
4.855623701587319374e-04
3.904816694557666779e-04
5.274657742120325565e-04
3.367445606272667646e-04
3.631842264439910650e-04
3.488012589514255524e-04
3.725837159436196089e-04
3.757520462386310101e-04
3.426548209972679615e-04
3.189517592545598745e-04
3.173357690684497356e-04
3.234618634451180696e-04
3.356997331138700247e-04
3.394384402781724930e-04
3.187963739037513733e-04
4.088597197551280260e-04
3.729404706973582506e-04
3.527463413774967194e-04
2.869150484912097454e-04
3.137823950964957476e-04
2.661378530319780111e-04
3.483182808849960566e-04
3.320316609460860491e-04
2.951614733319729567e-04
4.008579999208450317e-04
3.507565124891698360e-04
3.041210584342479706e-04
3.143993089906871319e-04
3.146339731756597757e-04
3.157916944473981857e-04
3.278180083725601435e-04
3.137950843665748835e-04
3.651656734291464090e-04
3.225234977435320616e-04
3.280015080235898495e-04
3.854638489428907633e-04
2.892094489652663469e-04
3.991152043454349041e-04
3.839604032691568136e-04
2.935825032182037830e-04
3.419402346480637789e-04
3.148624091409146786e-04
4.029993724543601274e-04
3.991247212979942560e-04
3.105409850832074881e-04
2.855838974937796593e-04
2.870321914087980986e-04
2.990223001688718796e-04
3.479357110336422920e-04
3.093971463385969400e-04
3.573150315787643194e-04
2.902463020291179419e-04
3.136493905913084745e-04
2.876303042285144329e-04
2.985360042657703161e-04
2.587453927844762802e-04
2.881379914470016956e-04
3.308076702523976564e-04
4.599279200192540884e-04
3.694586048368364573e-04
6.237745401449501514e-04
3.590883861761540174e-04
5.126096075400710106e-04
4.468810802791267633e-04
4.062365333084017038e-04
6.979375029914081097e-04
5.359292845241725445e-04
4.574284539557993412e-04
6.071396055631339550e-04
6.112617556937038898e-04
4.966683336533606052e-04
4.919665516354143620e-04
4.748286737594753504e-04
5.680107860825955868e-04
4.637758829630911350e-04
4.269802302587777376e-04
3.954347048420459032e-04
3.970198158640414476e-04
4.308959178160876036e-04
5.217102007009088993e-04
3.098334418609738350e-04
4.289432545192539692e-04
3.593821311369538307e-04
3.189070557709783316e-04
4.088982823304831982e-04
4.114066832698881626e-04
2.655469579622149467e-04
3.265544364694505930e-04
4.277786938473582268e-04
3.717833897098898888e-04
3.589686821214854717e-04
5.483948043547570705e-04
4.266748437657952309e-04
3.172105061821639538e-04
5.100864800624549389e-04
4.261505091562867165e-04
3.845469327643513680e-04
4.864269576501101255e-04
4.597106308210641146e-04
4.240490379743278027e-04
3.523434570524841547e-04
3.920426534023135900e-04
5.912018241360783577e-04
2.868706360459327698e-04
4.240834095980972052e-04
4.488943377509713173e-04
3.902767493855208158e-04
3.609182313084602356e-04
5.077844252809882164e-04
4.689606721512973309e-04
4.009749682154506445e-04
4.597259685397148132e-04
5.886249127797782421e-04
4.419454489834606647e-04
3.834280068986117840e-04
4.003354697488248348e-04
4.078744386788457632e-04
3.938433073926717043e-04
4.107613349333405495e-04
3.551528207026422024e-04
3.470512747298926115e-04
3.681376692838966846e-04
3.598998300731182098e-04
3.177351318299770355e-04
2.942651044577360153e-04
4.064768436364829540e-04
3.431912336964160204e-04
2.985895553138107061e-04
4.483464290387928486e-04
3.446237824391573668e-04
5.153230158612132072e-04
3.442764282226562500e-04
6.193907465785741806e-04
4.174152854830026627e-04
3.917028370779007673e-04
6.108168163336813450e-04
5.341644864529371262e-04
4.600046086125075817e-04
6.524618365801870823e-04
4.203919379506260157e-04
3.613169246818870306e-04
5.603487370535731316e-04
4.338705039117485285e-04
4.080044454894959927e-04
4.687619220931082964e-04
5.616899579763412476e-04
5.114281666465103626e-04
3.434386453591287136e-04
3.439889405854046345e-04
4.254912491887807846e-04
3.956362197641283274e-04
3.229839494451880455e-04
3.355446679051965475e-04
3.764987923204898834e-04
3.210202266927808523e-04
3.172975557390600443e-04
3.565402876120060682e-04
3.059553273487836123e-04
3.285782004240900278e-04
2.843844995368272066e-04
3.395109379198402166e-04
3.235068870708346367e-04
2.743250224739313126e-04
3.842851729132235050e-04
3.247796266805380583e-04
3.342706186231225729e-04
3.378173278179019690e-04
3.215308825019747019e-04
4.043262451887130737e-04
3.771467308979481459e-04
3.284096601419150829e-04
3.145282680634409189e-04
2.853321493603289127e-04
2.764437231235206127e-04
3.389861667528748512e-04
3.468137001618742943e-04
2.793889143504202366e-04
3.593527362681925297e-04
3.438938874751329422e-04
3.459218132775276899e-04
3.015445545315742493e-04
3.213342570234090090e-04
3.439336724113672972e-04
3.179285267833620310e-04
2.820913505274802446e-04
3.151437849737703800e-04
3.290688910055905581e-04
2.599164436105638742e-04
2.545306924730539322e-04
2.507128519937396049e-04
2.636931021697819233e-04
2.583428868092596531e-04
2.597069833427667618e-04
2.912992786150425673e-04
3.003265301231294870e-04
2.432771289022639394e-04
3.894646652042865753e-04
3.180773346684873104e-04
3.537657903507351875e-04
3.806505992542952299e-04
3.537635493557900190e-04
3.208258713129907846e-04
3.264251863583922386e-04
3.670337609946727753e-04
2.886319416575133801e-04
3.041335439775139093e-04
2.858418447431176901e-04
2.789447316899895668e-04
3.204288368579000235e-04
3.726136346813291311e-04
3.033752145711332560e-04
4.532896564342081547e-04
2.680744219105690718e-04
3.332905471324920654e-04
2.773820015136152506e-04
2.613829565234482288e-04
3.438850399106740952e-04
2.573054225649684668e-04
2.741907665040344000e-04
2.561631845310330391e-04
2.580038562882691622e-04
2.640339080244302750e-04
2.742894866969436407e-04
2.867454604711383581e-04
2.369413559790700674e-04
4.178708477411419153e-04
3.007791237905621529e-04
3.523904597386717796e-04
3.735530772246420383e-04
2.935804659500718117e-04
3.403571026865392923e-04
3.464208566583693027e-04
3.229432331863790751e-04
3.771235933527350426e-04
3.993652935605496168e-04
3.491352836135774851e-04
3.731246688403189182e-04
3.638365305960178375e-04
3.931575338356196880e-04
2.709139953367412090e-04
3.231467853765934706e-04
3.968060482293367386e-04
2.908457536250352859e-04
3.228961140848696232e-04
3.385890158824622631e-04
4.951365990564227104e-04
2.928700705524533987e-04
4.640942497644573450e-04
4.483666270971298218e-04
3.276022034697234631e-04
3.908845828846096992e-04
3.982202324550598860e-04
3.095649008173495531e-04
3.133897553198039532e-04
3.400646673981100321e-04
3.647102275863289833e-04
2.854952763300389051e-04
3.758514067158102989e-04
2.774078166112303734e-04
3.224464308004826307e-04
2.945944434031844139e-04
2.804819087032228708e-04
2.885225985664874315e-04
2.945371379610151052e-04
2.751588472165167332e-04
2.896190853789448738e-04
2.870624884963035583e-04
3.308250161353498697e-04
3.248419379815459251e-04
2.747694379650056362e-04
3.249600995332002640e-04
3.172848082613199949e-04
2.700160839594900608e-04
4.301365697756409645e-04
3.469335788395255804e-04
3.124260692857205868e-04
3.368254983797669411e-04
2.981118450406938791e-04
3.121627378277480602e-04
3.242041275370866060e-04
3.086238866671919823e-04
3.235883777961134911e-04
3.137000603601336479e-04
3.138119645882397890e-04
3.108792880084365606e-04
3.268733271397650242e-04
2.719568728934973478e-04
3.149681724607944489e-04
3.357761597726494074e-04
2.469126193318516016e-04
3.603251243475824594e-04
3.363880969118326902e-04
2.600875159259885550e-04
4.674362426158040762e-04
3.305757127236574888e-04
3.857447591144591570e-04
4.278009000699967146e-04
3.047783684451133013e-04
3.076006541959941387e-04
3.195566823706030846e-04
3.185537643730640411e-04
2.975152456201612949e-04
2.707825333345681429e-04
2.481729898136109114e-04
2.904738066717982292e-04
2.905774454120546579e-04
2.772986190393567085e-04
2.432417968520894647e-04
3.896764246746897697e-04
2.994821697939187288e-04
2.658403827808797359e-04
3.390849451534450054e-04
3.400932473596185446e-04
2.869453455787152052e-04
3.311590116936713457e-04
3.748098388314247131e-04
2.911507617682218552e-04
2.906628069467842579e-04
2.939972910098731518e-04
2.593536337371915579e-04
2.837415668182075024e-04
2.774574677459895611e-04
2.872624609153717756e-04
2.997277188114821911e-04
2.980603894684463739e-04
2.622374449856579304e-04
2.914580109063535929e-04
2.888405870180577040e-04
2.906404552049934864e-04
2.505693992134183645e-04
2.459208189975470304e-04
2.700200129766017199e-04
2.667527296580374241e-04
2.482443815097212791e-04
3.321859112475067377e-04
2.661417238414287567e-04
3.217831836082041264e-04
3.676917986012995243e-04
2.764793753158301115e-04
3.248268913011997938e-04
2.722007047850638628e-04
2.776918117888271809e-04
2.688185777515172958e-04
2.682032645680010319e-04
3.004380851052701473e-04
2.762475342024117708e-04
3.600016061682254076e-04
2.794048341456800699e-04
3.625983372330665588e-04
2.789726131595671177e-04
3.006447514053434134e-04
3.522315819282084703e-04
3.527172375470399857e-04
2.824098046403378248e-04
2.983671438414603472e-04
2.995028044097125530e-04
3.002356388606131077e-04
3.025721816811710596e-04
4.079731588717550039e-04
3.179306513629853725e-04
3.282498219050467014e-04
2.993047819472849369e-04
3.177861508447676897e-04
2.895420184358954430e-04
3.034873225260525942e-04
2.722144708968698978e-04
2.838961954694241285e-04
2.825039555318653584e-04
2.713261928874999285e-04
2.984824532177299261e-04
3.048449580091983080e-04
2.543367154430598021e-04
3.204096574336290359e-04
2.892641641665250063e-04
2.464164572302252054e-04
2.618669532239437103e-04
2.492822241038084030e-04
3.588128602132201195e-04
2.695911680348217487e-04
2.589774667285382748e-04
2.545401803217828274e-04
3.007915220223367214e-04
2.867172006517648697e-04
2.686739608179777861e-04
3.713468031492084265e-04
2.646269858814775944e-04
3.201472281944006681e-04
3.409313794691115618e-04
3.105998039245605469e-04
3.447742783464491367e-04
3.510959504637867212e-04
3.260871162638068199e-04
2.879073726944625378e-04
4.112205351702868938e-04
3.193947486579418182e-04
3.574412548914551735e-04
4.371942195575684309e-04
3.304695128463208675e-04
3.348658792674541473e-04
4.141920071560889482e-04
3.121437912341207266e-04
3.320968244224786758e-04
3.701417299453169107e-04
3.563512291293591261e-04
2.885630819946527481e-04
4.007100360468029976e-04
3.353809006512165070e-04
3.940657188650220633e-04
3.768736205529421568e-04
2.717170864343643188e-04
4.343349719420075417e-04
3.526120271999388933e-04
4.247931647114455700e-04
3.869960492011159658e-04
3.327858285047113895e-04
3.566866216715425253e-04
3.042790922336280346e-04
3.483939217403531075e-04
3.378151450306177139e-04
3.592171706259250641e-04
3.481670282781124115e-04
2.928496687673032284e-04
3.221275401301681995e-04
2.829790173564106226e-04
2.965701569337397814e-04
3.260828380007296801e-04
3.146783856209367514e-04
3.046909696422517300e-04
3.508949594106525183e-04
2.616779238451272249e-04
5.189800285734236240e-04
3.237985656596720219e-04
4.671244241762906313e-04
3.804203879553824663e-04
3.041855234187096357e-04
3.688310389406979084e-04
3.829169727396219969e-04
3.326814621686935425e-04
3.718500374816358089e-04
3.513260453473776579e-04
3.483293985482305288e-04
3.396317479200661182e-04
2.974453382194042206e-04
3.106523363385349512e-04
3.055342822335660458e-04
3.625393146649003029e-04
3.419975400902330875e-04
2.809692523442208767e-04
3.022446471732109785e-04
2.882816770579665899e-04
2.905022702179849148e-04
2.561059664003551006e-04
3.423040325287729502e-04
2.926762972492724657e-04
2.781051734928041697e-04
3.185324894730001688e-04
4.078046185895800591e-04
3.173570148646831512e-04
4.561494570225477219e-04
4.236023814883083105e-04
2.450896427035331726e-04
3.636819310486316681e-04
3.068964579142630100e-04
4.036960599478334188e-04
3.316364309284836054e-04
5.249445093795657158e-04
4.277367843315005302e-04
3.754655481316149235e-04
4.176807997282594442e-04
3.585938538890331984e-04
3.855153627227991819e-04
4.111020825803279877e-04
3.393462102394551039e-04
3.305843856651335955e-04
3.838482953142374754e-04
3.596172027755528688e-04
2.853663754649460316e-04
3.491798415780067444e-04
2.986946201417595148e-04
3.197762125637382269e-04
2.900107647292315960e-04
3.888838109560310841e-04
3.197037440259009600e-04
2.948461624328047037e-04
3.925668133888393641e-04
3.593753499444574118e-04
3.355927183292806149e-04
3.421408473514020443e-04
3.366133314557373524e-04
3.216270997654646635e-04
2.919323742389678955e-04
2.708453102968633175e-04
2.870644966606050730e-04
2.715147275011986494e-04
2.771993749774992466e-04
3.444910107646137476e-04
2.897144586313515902e-04
2.636079443618655205e-04
3.518267476465553045e-04
3.215244796592742205e-04
3.304955316707491875e-04
3.684327821247279644e-04
3.119837492704391479e-04
3.495474811643362045e-04
3.034998080693185329e-04
3.261215751990675926e-04
3.259924123995006084e-04
2.965434687212109566e-04
2.948031760752201080e-04
3.100831818301230669e-04
2.489604812581092119e-04
2.500884584151208401e-04
2.735772286541759968e-04
3.285609127487987280e-04
4.000111657660454512e-04
3.131049452349543571e-04
3.785788139794021845e-04
3.275439667049795389e-04
3.281310491729527712e-04
3.513215924613177776e-04
3.694219340104609728e-04
3.290991880930960178e-04
3.370486956555396318e-04
2.604067558422684669e-04
2.883990819100290537e-04
2.731889253482222557e-04
2.714008151087909937e-04
3.097033477388322353e-04
2.544869494158774614e-04
3.714754420798271894e-04
3.056759887840598822e-04
2.610400260891765356e-04
3.429903008509427309e-04
2.779302594717592001e-04
4.452898574527353048e-04
3.824156010523438454e-04
3.215223550796508789e-04
3.908869402948766947e-04
2.893493510782718658e-04
3.329011087771505117e-04
3.194437304046005011e-04
3.085757198277860880e-04
3.771513584069907665e-04
3.788943286053836346e-04
2.849838929250836372e-04
4.190999316051602364e-04
3.564660146366804838e-04
3.003244637511670589e-04
3.153575817123055458e-04
2.751885331235826015e-04
2.799092035274952650e-04
2.822295355144888163e-04
2.557073894422501326e-04
3.257535572629421949e-04
2.685137733351439238e-04
3.639320493675768375e-04
4.089464782737195492e-04
3.510959504637867212e-04
3.811135829892009497e-04
3.075232962146401405e-04
3.314714704174548388e-04
3.672301827464252710e-04
3.052238898817449808e-04
3.202048246748745441e-04
3.692592727020382881e-04
3.274749324191361666e-04
3.012692905031144619e-04
3.356058150529861450e-04
3.105661890003830194e-04
3.368101897649466991e-04
2.511717320885509253e-04
2.916167723014950752e-04
2.731120912358164787e-04
2.386030828347429633e-04
3.024871693924069405e-04
2.677739248611032963e-04
2.957864489872008562e-04
2.704491780605167150e-04
2.904596040025353432e-04
2.846941642928868532e-04
2.722479111980646849e-04
2.902097476180642843e-04
3.119542670901864767e-04
2.876202051993459463e-04
2.557664993219077587e-04
3.172763099428266287e-04
2.352232695557177067e-04
4.012423742096871138e-04
2.825921401381492615e-04
3.181730280630290508e-04
3.124155336990952492e-04
2.784511889331042767e-04
2.609610673971474171e-04
3.135734004899859428e-04
2.902138221543282270e-04
2.526513126213103533e-04
2.915312652476131916e-04
2.771021390799432993e-04
2.385552070336416364e-04
2.858599764294922352e-04
2.645203203428536654e-04
3.250675508752465248e-04
3.263368853367865086e-04
3.423393354751169682e-04
4.090573929715901613e-04
2.740565687417984009e-04
4.912581644020974636e-04
3.781915584113448858e-04
3.826767497230321169e-04
4.196712106931954622e-04
3.752207558136433363e-04
3.022508753929287195e-04
3.043705946765840054e-04
3.092440892942249775e-04
3.220655198674649000e-04
3.096676955465227365e-04
2.993006492033600807e-04
3.259472141508013010e-04
3.076591819990426302e-04
3.898247086908668280e-04
3.175269230268895626e-04
3.539070603437721729e-04
2.972377405967563391e-04
3.036181733477860689e-04
2.686876396182924509e-04
2.759286144282668829e-04
2.841633977368474007e-04
2.572690718807280064e-04
3.159633197356015444e-04
2.588125353213399649e-04
3.150062402710318565e-04
2.743684453889727592e-04
2.526228781789541245e-04
3.262830432504415512e-04
2.462349948473274708e-04
2.776024339254945517e-04
3.042125608772039413e-04
2.356787445023655891e-04
3.164805530104786158e-04
2.749512786976993084e-04
3.153237048536539078e-04
2.965352614410221577e-04
3.880027506966143847e-04
2.644214546307921410e-04
3.454475081525743008e-04
2.985504106618463993e-04
2.973158261738717556e-04
3.025618207175284624e-04
3.138626634608954191e-04
2.889175957534462214e-04
3.037054266314953566e-04
2.888871822506189346e-04
2.536147949285805225e-04
3.015011025127023458e-04
2.692096459213644266e-04
2.890209434553980827e-04
2.693524293135851622e-04
2.476680965628474951e-04
2.663362538442015648e-04
2.248100645374506712e-04
2.914193319156765938e-04
2.517804387025535107e-04
2.636872814036905766e-04
2.504920412320643663e-04
2.478031674399971962e-04
3.365433367434889078e-04
2.523273869883269072e-04
4.515857144724577665e-04
3.826883912552148104e-04
3.068985533900558949e-04
3.629548009485006332e-04
2.398458018433302641e-04
4.946619155816733837e-04
2.964305749628692865e-04
2.741394564509391785e-04
3.131281409878283739e-04
3.274878545198589563e-04
2.931149501819163561e-04
3.064100746996700764e-04
3.048595390282571316e-04
2.831294550560414791e-04
2.715618757065385580e-04
2.682364429347217083e-04
2.856826176866889000e-04
2.957741671707481146e-04
2.572078956291079521e-04
3.204160602763295174e-04
2.964654704555869102e-04
2.775210014078766108e-04
2.721751225180923939e-04
2.502223069313913584e-04
3.238350327592343092e-04
3.015797410625964403e-04
3.282411780674010515e-04
2.539851411711424589e-04
3.412307705730199814e-04
2.644078922457993031e-04
3.112514386884868145e-04
2.251354890177026391e-04
3.578425385057926178e-04
2.762574295047670603e-04
2.833762264344841242e-04
2.749571867752820253e-04
2.538312692195177078e-04
2.603490429464727640e-04
2.634279662743210793e-04
2.585345064289867878e-04
2.877880178857594728e-04
2.373507304582744837e-04
2.710022963583469391e-04
2.888223680201917887e-04
2.517880056984722614e-04
4.213310312479734421e-04
2.656402066349983215e-04
3.415920073166489601e-04
3.080168389715254307e-04
3.041875897906720638e-04
4.111020825803279877e-04
3.097621083725243807e-04
2.876849030144512653e-04
3.075964632444083691e-04
2.747872204054147005e-04
3.041169256903231144e-04
3.122596535831689835e-04
2.464875869918614626e-04
3.188517002854496241e-04
2.353713935008272529e-04
2.333602751605212688e-04
2.356787445023655891e-04
2.635150449350476265e-04
2.605798945296555758e-04
2.494911896064877510e-04
2.671344846021384001e-04
2.394803887000307441e-04
2.266656083520501852e-04
2.941669663414359093e-04
2.323052467545494437e-04
3.602187789510935545e-04
2.621409366838634014e-04
3.879464056808501482e-04
3.301012038718909025e-04
2.830211305990815163e-04
4.268693737685680389e-04
3.474644618108868599e-04
3.271557216066867113e-04
3.816117532551288605e-04
3.634046297520399094e-04
3.316841903142631054e-04
3.233911411371082067e-04
3.343578136991709471e-04
5.031772307120263577e-04
3.146572562400251627e-04
3.331947955302894115e-04
3.358788380865007639e-04
3.206721739843487740e-04
2.977106196340173483e-04
3.353350621182471514e-04
3.223351377528160810e-04
2.987007901538163424e-04
3.165675152558833361e-04
3.078620356973260641e-04
3.442432498559355736e-04
2.918590616900473833e-04
3.156476595904678106e-04
3.037511487491428852e-04
2.936131495516747236e-04
3.177160106133669615e-04
2.773820015136152506e-04
2.991191868204623461e-04
3.056259592995047569e-04
3.296768409200012684e-04
2.951553324237465858e-04
2.732066495809704065e-04
2.531954087316989899e-04
2.873129851650446653e-04
2.639331796672195196e-04
2.991130168084055185e-04
3.287402796559035778e-04
2.872947952710092068e-04
3.996703017037361860e-04
3.446193586569279432e-04
3.144775400869548321e-04
3.451772499829530716e-04
2.697438758332282305e-04
