1.722787380218505859e+00
3.147952556610107422e-01
2.913581132888793945e-01
2.649421691894531250e-01
2.444587051868438721e-01
2.242371439933776855e-01
2.052635252475738525e-01
1.872155815362930298e-01
1.722050905227661133e-01
1.601741760969161987e-01
1.525352299213409424e-01
1.461269706487655640e-01
1.412038058042526245e-01
1.374877244234085083e-01
1.333403587341308594e-01
1.275053024291992188e-01
1.203196495771408081e-01
1.123373359441757202e-01
1.043656542897224426e-01
9.567016363143920898e-02
8.725507557392120361e-02
7.976990938186645508e-02
7.371424883604049683e-02
7.023400068283081055e-02
6.930238008499145508e-02
7.016840577125549316e-02
7.182675600051879883e-02
7.259549945592880249e-02
7.146706432104110718e-02
6.858919560909271240e-02
6.517732143402099609e-02
6.258641928434371948e-02
6.140659749507904053e-02
6.129273399710655212e-02
6.155993416905403137e-02
6.161257997155189514e-02
6.103349477052688599e-02
5.978004634380340576e-02
5.807040259242057800e-02
5.631229653954505920e-02
5.480338633060455322e-02
5.387350916862487793e-02
5.349395051598548889e-02
5.339341238141059875e-02
5.318449810147285461e-02
5.269130691885948181e-02
5.204270407557487488e-02
5.149061605334281921e-02
5.117798224091529846e-02
5.108343809843063354e-02
5.103362724184989929e-02
5.082730576395988464e-02
5.043209716677665710e-02
4.999710619449615479e-02
4.970231652259826660e-02
4.956018552184104919e-02
4.942595213651657104e-02
4.914439842104911804e-02
4.874113947153091431e-02
4.837385192513465881e-02
4.817578941583633423e-02
4.801698029041290283e-02
4.775435477495193481e-02
4.738549143075942993e-02
4.704071953892707825e-02
4.679278656840324402e-02
4.658256843686103821e-02
4.628558829426765442e-02
4.590807855129241943e-02
4.554486647248268127e-02
4.521768167614936829e-02
4.485844075679779053e-02
4.443440958857536316e-02
4.402002319693565369e-02
4.355961456894874573e-02
4.317305237054824829e-02
4.264329746365547180e-02
4.211538285017013550e-02
4.154232889413833618e-02
4.077454283833503723e-02
4.012062028050422668e-02
3.931644186377525330e-02
3.838156163692474365e-02
3.550565242767333984e-02
2.073543705046176910e-02
1.325153931975364685e-02
6.787057034671306610e-03
9.931361302733421326e-03
4.893947858363389969e-03
7.021143101155757904e-03
5.209018476307392120e-03
3.470047377049922943e-03
3.967415541410446167e-03
3.695957129821181297e-03
3.004376776516437531e-03
1.798858749680221081e-03
2.702190773561596870e-03
1.448116963729262352e-03
2.710191532969474792e-03
1.429376658052206039e-03
9.322704863734543324e-04
1.639678142964839935e-03
8.269596146419644356e-04
1.083371229469776154e-03
7.473841542378067970e-04
7.324517937377095222e-04
5.600430304184556007e-04
8.233360131271183491e-04
3.086915239691734314e-04
3.908483777195215225e-04
5.735351005569100380e-04
1.698812702670693398e-04
4.372597031760960817e-04
2.445405989419668913e-04
2.587804337963461876e-04
2.582978922873735428e-04
2.675634459592401981e-04
1.165618014056235552e-04
2.319089253433048725e-04
1.747809874359518290e-04
1.016172827803529799e-04
2.193973341491073370e-04
9.445087198400869966e-05
1.429870026186108589e-04
1.183835847768932581e-04
9.629283158574253321e-05
7.748403731966391206e-05
1.099540459108538926e-04
5.368901838664896786e-05
6.941152969375252724e-05
8.639919542474672198e-05
3.886493141180835664e-05
7.870284025557339191e-05
4.747359707835130394e-05
5.125044117448851466e-05
5.525892993318848312e-05
5.039347888668999076e-05
3.613252192735671997e-05
5.227787551120854914e-05
3.345390723552554846e-05
3.435152029851451516e-05
3.698452201206237078e-05
2.248349846922792494e-05
3.278565054642967880e-05
2.419769589323550463e-05
2.281610068166628480e-05
2.486753146513365209e-05
2.259434404550120234e-05
1.745717963785864413e-05
2.303314613527618349e-05
1.525540938018821180e-05
2.037302692770026624e-05
1.713684832793660462e-05
1.523556147731142119e-05
1.698594860499724746e-05
1.486854671384207904e-05
1.310700190515490249e-05
1.465799232391873375e-05
1.200893802888458595e-05
1.260881617781706154e-05
1.221717957378132269e-05
1.098168650059960783e-05
1.214376607094891369e-05
1.041116593114566058e-05
1.079925550584448501e-05
1.071099450200563297e-05
9.732645594340283424e-06
1.005450030788779259e-05
9.774500540515873581e-06
9.003438208310399204e-06
9.517260878055822104e-06
8.553295629099011421e-06
8.940908628574106842e-06
8.488431376463267952e-06
8.387654816033318639e-06
8.462524419883266091e-06
8.133737537718843669e-06
8.052449629758484662e-06
8.095002158370334655e-06
7.663511496502906084e-06
7.862741767894476652e-06
7.515921424783300608e-06
7.541187187598552555e-06
7.391486633423482999e-06
7.220281077024992555e-06
7.208388524304609746e-06
7.002494385233148932e-06
6.943368589418241754e-06
6.878672138554975390e-06
6.719022621837211773e-06
6.711597961839288473e-06
6.578556167369242758e-06
6.516807843581773341e-06
6.454617505369242281e-06
6.336743808788014576e-06
6.332804332487285137e-06
6.196893082233145833e-06
6.189985469973180443e-06
6.097902769397478551e-06
6.048680461390176788e-06
5.998825599817791954e-06
5.939819857303518802e-06
5.896239599678665400e-06
5.850886282132705674e-06
5.798873644380364567e-06
5.768270057160407305e-06
5.705255716748069972e-06
5.678843990608584136e-06
5.622883691103197634e-06
5.585844519373495132e-06
5.549868546950165182e-06
5.502066414919681847e-06
5.474750651046633720e-06
5.426620646176161245e-06
5.400631835072999820e-06
5.358174348657485098e-06
5.328685801941901445e-06
5.294811671774368733e-06
5.260470061330124736e-06
5.231425348029006273e-06
5.197180144023150206e-06
5.168604275240795687e-06
5.137221705808769912e-06
5.107627202960429713e-06
5.075934950582450256e-06
5.043733835918828845e-06
5.012737346987705678e-06
4.980211997462902218e-06
4.949370122631080449e-06
4.919402272207662463e-06
4.888853254669811577e-06
4.860247372562298551e-06
4.831568730878643692e-06
4.803665433428250253e-06
4.775534762302413583e-06
4.748725586978252977e-06
4.722473477158928290e-06
4.696917585533810779e-06
4.672966042562620714e-06
4.649464244721457362e-06
4.627257112588267773e-06
4.604964487953111529e-06
4.584369889926165342e-06
4.564748451230116189e-06
4.544087914837291464e-06
4.521865776041522622e-06
4.505653578235069290e-06
4.485284989641513675e-06
4.462164724827744067e-06
4.443506895768223330e-06
4.422284291649702936e-06
4.400221314426744357e-06
4.381858161650598049e-06
4.362229901744285598e-06
4.341126441431697458e-06
4.322507265897002071e-06
4.302706201997352764e-06
4.282022473489632830e-06
4.262978109181858599e-06
4.242768682161113247e-06
4.222269581077853218e-06
4.203588105156086385e-06
4.184608769719488919e-06
4.165368409303482622e-06
4.147152139921672642e-06
4.130036813876358792e-06
4.117153821425745264e-06
4.101606464246287942e-06
4.078769961779471487e-06
4.064826953253941610e-06
4.046446520078461617e-06
4.023826022603316233e-06
4.008876203442923725e-06
3.990920959040522575e-06
3.971820206061238423e-06
3.964777533838059753e-06
3.939561793231405318e-06
3.925264536519534886e-06
3.910016857844311744e-06
3.893203029292635620e-06
3.879490122926654294e-06
3.864066457026638091e-06
3.847804691758938134e-06
3.833505616057664156e-06
3.818045115622226149e-06
3.802829496635240503e-06
3.789520405916846357e-06
3.778159225475974381e-06
3.766372174140997231e-06
3.754667204702855088e-06
3.736866574399755336e-06
3.728678620973369107e-06
3.714642843988258392e-06
3.697686679515754804e-06
3.687495109261362813e-06
3.672425009426660836e-06
3.657535899037611671e-06
3.656357876025140285e-06
3.630034598245401867e-06
3.618549499151413329e-06
3.603478489822009578e-06
3.587670562410494313e-06
3.574828951968811452e-06
3.558055823305039667e-06
3.541430032782955095e-06
3.526712362145190127e-06
3.510159331199247390e-06
3.501859282550867647e-06
3.480786745058139786e-06
3.468009708740282804e-06
3.452842975093517452e-06
3.438977273617638275e-06
3.424162287046783604e-06
3.408318207220872864e-06
3.393720362510066479e-06
3.378568408152204938e-06
3.363625410202075727e-06
3.349828148202504963e-06
3.331927018734859303e-06
3.315294634376186877e-06
3.299740910733817145e-06
3.281244289610185660e-06
3.265122813900234178e-06
3.249020437579019926e-06
3.231419213989283890e-06
3.216226559743518010e-06
3.200271521563990973e-06
3.184167781000724062e-06
3.168914645357290283e-06
3.152600584144238383e-06
3.136329269182169810e-06
3.120959263469558209e-06
3.104654297203524038e-06
3.089231995545560494e-06
3.074125970670138486e-06
3.058905349462293088e-06
3.044230652449186891e-06
3.029683512068004347e-06
3.015235733982990496e-06
3.001343884534435347e-06
2.987491143358056433e-06
2.977719759655883536e-06
2.963619181173271500e-06
2.951522219518665224e-06
2.938959369203075767e-06
2.928511094069108367e-06
2.916080802606302314e-06
2.905539986386429518e-06
2.896184923883993179e-06
2.885278263420332223e-06
2.876463895518099889e-06
2.870475327654276043e-06
2.859246706066187471e-06
2.851971657946705818e-06
2.840801698766881600e-06
2.834760380210354924e-06
2.825188403221545741e-06
2.815421794366557151e-06
2.808401177389896475e-06
2.797884008032269776e-06
2.789349309750832617e-06
2.781813236651942134e-06
2.773500227704062127e-06
2.767779278656234965e-06
2.756443109319661744e-06
2.750941575868637301e-06
2.742362539720488712e-06
2.732731445576064289e-06
2.726935008467989974e-06
2.717514917094376869e-06
2.715850769163807854e-06
2.702484607652877457e-06
2.696359842957463115e-06
2.689484745133086108e-06
2.680946636246517301e-06
2.672488108146353625e-06
2.662230599526083097e-06
2.652033799677155912e-06
2.642112121975515038e-06
2.631441930134315044e-06
2.630480821608216502e-06
2.613300694065401331e-06
2.605947429401567206e-06
2.597337697807233781e-06
2.589572886790847406e-06
2.580660066087148152e-06
2.571621735114604235e-06
2.568878244346706197e-06
2.561904238973511383e-06
2.551942543504992500e-06
2.546695668570464477e-06
2.540326022426597774e-06
2.530789060983806849e-06
2.525587206037016585e-06
2.516818312869872898e-06
2.519305553505546413e-06
2.503787982277572155e-06
2.503541963960742578e-06
2.500119990145321935e-06
2.492937483111745678e-06
2.490448878234019503e-06
2.477901261954684742e-06
2.470283334332634695e-06
2.461870735714910552e-06
2.451583441143156961e-06
2.459391453157877550e-06
2.446851340209832415e-06
2.437091325191431679e-06
2.433664576528826728e-06
2.427328581688925624e-06
2.426432729407679290e-06
2.416371216895640828e-06
2.409017724858131260e-06
2.402167638138053007e-06
2.393132035649614409e-06
2.387877884757472202e-06
2.382502543696318753e-06
2.379470970481634140e-06
2.376224074396304786e-06
2.371960817981744185e-06
2.366989747315528803e-06
2.362840632486040704e-06
2.355744754822808318e-06
2.350670001760590822e-06
2.344603899473440833e-06
2.349838041482144035e-06
2.337880687264259905e-06
2.336635361643857323e-06
2.334752480237511918e-06
2.332269104954320937e-06
2.330551751583698206e-06
2.320361545571358874e-06
2.315190158697078004e-06
2.308409420948009938e-06
2.303419705640408210e-06
2.297532319062156603e-06
2.293633087901980616e-06
2.289713165737339295e-06
2.287876895934459753e-06
2.284613174197147600e-06
2.282984041812596843e-06
2.278846977787907235e-06
2.271405492138001136e-06
2.267704530822811648e-06
2.261273493786575273e-06
2.267792979182559066e-06
2.257235564684378915e-06
2.253936600027373061e-06
2.252507329103536904e-06
2.249467570436536334e-06
2.248026248707901686e-06
2.239469267806271091e-06
2.235230567748658359e-06
2.228657649538945407e-06
2.223394858447136357e-06
2.229878646176075563e-06
2.217404926341259852e-06
2.219463112851371989e-06
2.212784238508902490e-06
2.212360186604200862e-06
2.212102117482572794e-06
2.200743210778455250e-06
2.199154096160782501e-06
2.188716052842210047e-06
2.185603079851716757e-06
2.180775936722056940e-06
2.179667262680595741e-06
2.174907194785191678e-06
2.169334038626402617e-06
2.169451136069255881e-06
2.160311396437464282e-06
2.159521955036325380e-06
2.153283730876864865e-06
2.155039510398637503e-06
2.146826773241627961e-06
2.146454562534927391e-06
2.145789494534255937e-06
2.140970309483236633e-06
2.140396418326417916e-06
2.131602741428650916e-06
2.128718278981978074e-06
2.123515059793135151e-06
2.123063040926354006e-06
2.115953066095244139e-06
2.117539679602487013e-06
2.114178187184734270e-06
2.111939920723671094e-06
2.111310550390044227e-06
2.103604174408246763e-06
2.101681729982374236e-06
2.094815044983988628e-06
2.092595423164311796e-06
2.087296252284431830e-06
2.085191226797178388e-06
2.081394541164627299e-06
2.081054390146164224e-06
2.076363216474419460e-06
2.075363681797171012e-06
2.072725010293652304e-06
2.070074060611659661e-06
2.065563876385567710e-06
2.062247403955552727e-06
2.058627615042496473e-06
2.065186890831682831e-06
2.053190655715297908e-06
2.051295723504154012e-06
2.049517433988512494e-06
2.047140014838078059e-06
2.044199845840921625e-06
2.041001607722137123e-06
2.038009370153304189e-06
2.037059630310977809e-06
2.034512135651311837e-06
2.031639269262086600e-06
2.029612005571834743e-06
2.027400114457122982e-06
2.023563865805044770e-06
2.021381988015491515e-06
2.019352450588485226e-06
2.017173301283037290e-06
2.015390464293886907e-06
2.014276788031565957e-06
2.011606284213485196e-06
2.007935108849778771e-06
2.004908310482278466e-06
2.002609335249871947e-06
2.001610027946298942e-06
2.000281483560684137e-06
1.998922925849910825e-06
1.996252422031830065e-06
1.992240413528634235e-06
1.989082193176727742e-06
1.988162239285884425e-06
1.985946710192365572e-06
1.985528570003225468e-06
1.985463313758373260e-06
1.983393758564488962e-06
1.979336047952529043e-06
1.975452050828607753e-06
1.972137624761671759e-06
1.970701305253896862e-06
1.969920958799775690e-06
1.970126959349727258e-06
1.969774302779114805e-06
1.966981471923645586e-06
1.963785962288966402e-06
1.960467898243223317e-06
1.956816504389280453e-06
1.954402250703424215e-06
1.954589151864638552e-06
1.954249910340877250e-06
1.953179889824241400e-06
1.951832473423564807e-06
1.949917077581631020e-06
1.945647909451508895e-06
1.941354639711789787e-06
1.938681180035928264e-06
1.936829903570469469e-06
1.934602323672152124e-06
1.933684870891738683e-06
1.932008672156371176e-06
1.936349235620582476e-06
1.930883172462927178e-06
1.931293809320777655e-06
1.930299958985415287e-06
1.929774271047790535e-06
1.927084667840972543e-06
1.924785919982241467e-06
1.922165665746433660e-06
1.924562184285605326e-06
1.919418991747079417e-06
1.919410351547412574e-06
1.919316446219454519e-06
1.919437636388465762e-06
1.918955604196526110e-06
1.919712303788401186e-06
1.920785507536493242e-06
1.925834339999710210e-06
1.932013219629880041e-06
1.943647021107608452e-06
1.960609552043024451e-06
1.986047664104262367e-06
2.022410853896872140e-06
2.080374088109238073e-06
2.166867261621518992e-06
2.308670445927418768e-06
2.515413598302984610e-06
2.864128873625304550e-06
3.418299229451804422e-06
4.365747372503392398e-06
5.856777988810790703e-06
8.544699085177853703e-06
1.264688762603327632e-05
2.050628791039343923e-05
3.191893119947053492e-05
5.546550892177037895e-05
8.612930832896381617e-05
1.628154568606987596e-04
2.387382555752992630e-04
4.389865789562463760e-04
5.370397702790796757e-04
8.789076237007975578e-04
6.185085512697696686e-04
4.992317408323287964e-04
1.137094513978809118e-04
1.498639539931900799e-05
1.786607317626476288e-04
2.801688679028302431e-04
2.556253166403621435e-04
5.453998164739459753e-05
2.546462565078400075e-05
1.483063388150185347e-04
1.640079717617481947e-04
9.190969285555183887e-05
1.064081607182743028e-05
4.747534694615751505e-05
1.229441259056329727e-04
8.222818723879754543e-05
1.818955206545069814e-05
1.820824036258272827e-05
6.364774890244007111e-05
7.917293987702578306e-05
3.373391155037097633e-05
6.604808277188567445e-06
2.804438554449006915e-05
4.890816489933058619e-05
3.775553341256454587e-05
1.050739138008793816e-05
9.319268428953364491e-06
2.764056625892408192e-05
3.164669760735705495e-05
1.739139588607940823e-05
4.636845005734357983e-06
1.000783595372922719e-05
2.102255893987603486e-05
2.009448144235648215e-05
1.012023949442664161e-05
3.647901394288055599e-06
7.346870006585959345e-06
1.397609412379097193e-05
1.402558427798794582e-05
8.353888915735296905e-06
3.571410616132197902e-06
4.184982572041917592e-06
8.117747711366973817e-06
9.945204510586336255e-06
8.017766958801075816e-06
4.429681666806573048e-06
2.700718368942034431e-06
3.910497525794198737e-06
5.948880243522580713e-06
6.635396402998594567e-06
5.203582986723631620e-06
3.293568624940235168e-06
2.431858774798456579e-06
3.085077423747861758e-06
4.259963134245481342e-06
4.729236934508662671e-06
4.200147486699279398e-06
3.107862994511378929e-06
2.351041757719940506e-06
2.322268301213625818e-06
2.832806558217271231e-06
3.345642880958621390e-06
3.431931190789327957e-06
3.093340865234495141e-06
2.557428160798735917e-06
2.172291942770243622e-06
2.099641505992622115e-06
2.288241603309870698e-06
2.549231339799007401e-06
2.692774614843074232e-06
2.652218881848966703e-06
2.444853407723712735e-06
2.200347353209508583e-06
2.026740730798337609e-06
1.976875864784233272e-06
2.034620820268173702e-06
2.138299578291480429e-06
2.223725914518581703e-06
2.247227257612394169e-06
2.206409135396825150e-06
2.118221800628816709e-06
2.019249222939833999e-06
1.938115929078776389e-06
1.891993406388792209e-06
1.883411641756538302e-06
1.903265683722565882e-06
1.936090484377928078e-06
1.966638365047401749e-06
1.986041297641349956e-06
1.988392796192783862e-06
1.976327212105388753e-06
1.952734010046697222e-06
1.923766376421554014e-06
1.893268290587002411e-06
1.865349645413516555e-06
1.841447442529897671e-06
1.822986405386473052e-06
1.809634568417095579e-06
1.801221060304669663e-06
1.796491005734424107e-06
1.794638933461101260e-06
1.794330273696687073e-06
1.794736817828379571e-06
1.794904392227181233e-06
1.794490117390523665e-06
1.793299588825902902e-06
1.791351223801029846e-06
1.788921508705243468e-06
1.785877088877896313e-06
1.782476147127454169e-06
1.779300532689376269e-06
1.776346493898017798e-06
1.773785243130987510e-06
1.771908387127041351e-06
1.770819949342694599e-06
1.770661128830397502e-06
1.771941697370493785e-06
1.775445070961723104e-06
1.781819605639611837e-06
1.792755028873216361e-06
1.809716195566579700e-06
1.836810838540259283e-06
1.877544718809076585e-06
1.941992650245083496e-06
2.039264018094399944e-06
2.195291472162352875e-06
2.433310555716161616e-06
2.826180207193829119e-06
3.432138328207656741e-06
4.470382918952964246e-06
6.079818376747425646e-06
8.976729986898135394e-06
1.341847564617637545e-05
2.190570012317039073e-05
3.439896681811660528e-05
6.015845428919419646e-05
9.353064524475485086e-05
1.700195280136540532e-04
2.440019452478736639e-04
4.594987840391695499e-04
5.721769412048161030e-04
9.907371131703257561e-04
7.777663413435220718e-04
7.824986241757869720e-04
2.550100616645067930e-04
1.863848228822462261e-05
1.084366667782887816e-04
2.842441317625343800e-04
3.561372577678412199e-04
1.100146037060767412e-04
1.830429027904756367e-05
1.415661390637978911e-04
1.906371908262372017e-04
1.154205747297964990e-04
1.403950591338798404e-05
6.743994163116440177e-05
1.601931726327165961e-04
9.054084512172266841e-05
1.515221720183035359e-05
3.658806963358074427e-05
8.764056838117539883e-05
8.185363549273461103e-05
2.180800402129534632e-05
1.626606899662874639e-05
5.726307063014246523e-05
5.891253385925665498e-05
2.667847365955822170e-05
7.088420716172549874e-06
2.528502955101430416e-05
4.549293225863948464e-05
3.088718221988528967e-05
9.201952707371674478e-06
8.521991730958689004e-06
2.404648330411873758e-05
2.982650039484724402e-05
1.559174052090384066e-05
4.560776687867473811e-06
8.292791790154296905e-06
1.747631176840513945e-05
1.884312223410233855e-05
1.000537304207682610e-05
3.520011432556202635e-06
5.352357675292296335e-06
1.097252243198454380e-05
1.312705808231839910e-05
9.110925020650029182e-06
4.225149950798368081e-06
3.019040150320506655e-06
5.629147381114307791e-06
8.431634341832250357e-06
7.961220035213045776e-06
5.317952854966279119e-06
2.898250386351719499e-06
2.770460014289710671e-06
4.357293619250413030e-06
5.600129043159540743e-06
5.371349743654718623e-06
3.848415872198529541e-06
2.593118551885709167e-06
2.398793640168150887e-06
3.112302920271758921e-06
3.789701850109850056e-06
3.700115257743163966e-06
3.019503310497384518e-06
2.338935701118316501e-06
2.176446514567942359e-06
2.496056367817800492e-06
2.887276423280127347e-06
2.973776418002671562e-06
2.691105464691645466e-06
2.292074668730492704e-06
2.062919520540162921e-06
2.101468453474808484e-06
2.299259676874498837e-06
2.448282430123072118e-06
2.429753749311203137e-06
2.259738721477333456e-06
2.062912244582548738e-06
1.955697371158748865e-06
1.970075118151726201e-06
2.060001179415849037e-06
2.136396460628020577e-06
2.145713096979307011e-06
2.078778152281302027e-06
1.981325340238981880e-06
1.902040594359277748e-06
1.871831386779376771e-06
1.889241275421227328e-06
1.926378445205045864e-06
1.954911112989066169e-06
1.953273567778524011e-06
1.924240677908528596e-06
1.879230921986163594e-06
1.837928493841900490e-06
1.811453557820641436e-06
1.803779923648107797e-06
1.809906621019763406e-06
1.820686861719877925e-06
1.828233052947325632e-06
1.826628931667073630e-06
1.816281951505516190e-06
1.798658900042937603e-06
1.779746298780082725e-06
1.762215674716571812e-06
1.749467855916009285e-06
1.741653250064700842e-06
1.738551418384304270e-06
1.738412265694933012e-06
1.739091430863481946e-06
1.739245135468081571e-06
1.737508227961370721e-06
1.734287366161879618e-06
1.728877691675734241e-06
1.722548176985583268e-06
1.715386815703823231e-06
1.708165086711233016e-06
1.700984057606547140e-06
1.694430807219760027e-06
1.688787392595259007e-06
1.683560071796819102e-06
1.679263277765130624e-06
1.675188173066999298e-06
1.671712652751011774e-06
1.668633672124997247e-06
1.665619492996484041e-06
1.663061766521423124e-06
1.660586576690548100e-06
1.658185055930516683e-06
1.656001586525235325e-06
1.654028210396063514e-06
1.652310402278089896e-06
1.651036200200906023e-06
1.650113631512795109e-06
1.649991645535919815e-06
1.651044613026897423e-06
1.653484673624916468e-06
1.658191081332915928e-06
1.666374600972631015e-06
1.680251443758606911e-06
1.701792598396423273e-06
1.736691501719178632e-06
1.790997089301527012e-06
1.878361672424944118e-06
2.008875071624061093e-06
2.222162493126234040e-06
2.550105364207411185e-06
3.100871026617824100e-06
3.958488832722650841e-06
5.463035449793096632e-06
7.804036613379139453e-06
1.212988991028396413e-05
1.867850187409203500e-05
3.162104985676705837e-05
5.006633000448346138e-05
9.018746641231700778e-05
1.393920538248494267e-04
2.609639195725321770e-04
3.765019355341792107e-04
7.360831368714570999e-04
7.714746170677244663e-04
1.103379996493458748e-03
5.471341428346931934e-04
2.145286998711526394e-04
1.119581793318502605e-05
1.404623326379805803e-04
3.939491580240428448e-04
2.557450206950306892e-04
6.617633334826678038e-05
2.507925455574877560e-05
1.536601048428565264e-04
2.403995604254305363e-04
8.464383427053689957e-05
1.186027111543808132e-05
9.061502350959926844e-05
1.328218495473265648e-04
8.412827446591109037e-05
1.253865411854349077e-05
4.212307612760923803e-05
9.928706276696175337e-05
6.045732880011200905e-05
1.130619784817099571e-05
2.453555862302891910e-05
5.828735083923675120e-05
5.249860259937122464e-05
1.375451574858743697e-05
1.111940127884736285e-05
3.788601316045969725e-05
3.763794302358292043e-05
1.557611540192738175e-05
5.017971034249057993e-06
1.877572140074335039e-05
2.933424002549145371e-05
1.564018384669907391e-05
3.877028120768954977e-06
9.837088327913079411e-06
1.843633981479797512e-05
1.474445070925867185e-05
4.784594693774124607e-06
3.906336132786236703e-06
1.054060066962847486e-05
1.258183147001545876e-05
7.722725058556534350e-06
2.772634388747974299e-06
3.936124812753405422e-06
8.012450052774511278e-06
8.162881385942455381e-06
4.735126822197344154e-06
2.203970325354021043e-06
3.357784407853614539e-06
5.693633283954113722e-06
5.462406988954171538e-06
3.174122866766992956e-06
1.863746092567453161e-06
2.875576001315494068e-06
4.173694378550862893e-06
3.696758085425244644e-06
2.251184923807159066e-06
1.653871436246845406e-06
2.368146397202508524e-06
3.082121111219748855e-06
2.743920958891976625e-06
1.875011321317288093e-06
1.541064875709707849e-06
1.948982571775559336e-06
2.453158231219276786e-06
2.406670319032855332e-06
1.914681433845544234e-06
1.510153424533200450e-06
1.535665660412632860e-06
1.843565087256138213e-06
2.010935531870927662e-06
1.872859456852893345e-06
1.569962705616489984e-06
1.399130724166752771e-06
1.463179614802356809e-06
1.623947127882274799e-06
1.690327962933224626e-06
1.585995960340369493e-06
1.422263267158996314e-06
1.330166128354903776e-06
1.363237743134959601e-06
1.448122930014505982e-06
1.485668690293096006e-06
1.438919298379914835e-06
1.348272689938312396e-06
1.286866790906060487e-06
1.286372594222484622e-06
1.327014615526422858e-06
1.357799760626221541e-06
1.348995965599897318e-06
1.306164108427765314e-06
1.261372403860150371e-06
1.241034397025941871e-06
1.249240654033201281e-06
1.268265350518049672e-06
1.276925104320980608e-06
1.266162144020199776e-06
1.242192865902325138e-06
