5.644198656082153320e-01
3.138727247714996338e-01
4.204851984977722168e-01
2.197451442480087280e-01
2.996179759502410889e-01
2.220350652933120728e-01
1.273413002490997314e-01
1.109115108847618103e-01
1.061363667249679565e-01
1.131490319967269897e-01
8.831802010536193848e-02
8.021457493305206299e-02
9.507947415113449097e-02
7.211305946111679077e-02
5.445913970470428467e-02
4.837917536497116089e-02
4.232697188854217529e-02
4.604597762227058411e-02
4.960188642144203186e-02
3.658236190676689148e-02
4.760059714317321777e-02
4.147447645664215088e-02
3.190987929701805115e-02
3.753890842199325562e-02
3.331256285309791565e-02
2.924665063619613647e-02
3.064681217074394226e-02
3.070403635501861572e-02
2.685199305415153503e-02
2.434242516756057739e-02
2.766433358192443848e-02
3.005010448396205902e-02
2.257885783910751343e-02
2.849012985825538635e-02
2.459788881242275238e-02
2.300428599119186401e-02
2.590744197368621826e-02
2.710273489356040955e-02
2.399871684610843658e-02
2.137094922363758087e-02
2.043236605823040009e-02
1.976114325225353241e-02
1.848465576767921448e-02
1.852919906377792358e-02
1.726356334984302521e-02
1.771193370223045349e-02
1.919001899659633636e-02
1.579749397933483124e-02
1.709614135324954987e-02
1.511245965957641602e-02
1.632839255034923553e-02
1.546243205666542053e-02
1.474835164844989777e-02
1.644359901547431946e-02
1.599569618701934814e-02
1.602205820381641388e-02
1.539487019181251526e-02
1.733803562819957733e-02
1.596314646303653717e-02
1.394897606223821640e-02
1.453363709151744843e-02
1.440794579684734344e-02
1.536152046173810959e-02
1.341494452208280563e-02
1.472475752234458923e-02
1.328994706273078918e-02
1.386941876262426376e-02
1.459370553493499756e-02
1.371276564896106720e-02
1.342579163610935211e-02
1.291864551603794098e-02
1.427075453102588654e-02
1.303641125559806824e-02
1.284540258347988129e-02
1.314369216561317444e-02
1.343744061887264252e-02
1.284255087375640869e-02
1.340890675783157349e-02
1.267589163035154343e-02
1.271854527294635773e-02
1.326708309352397919e-02
1.200000662356615067e-02
1.187216117978096008e-02
1.293481886386871338e-02
1.273017562925815582e-02
1.227869000285863876e-02
1.248275302350521088e-02
1.203368883579969406e-02
1.154213491827249527e-02
1.157355308532714844e-02
1.187392883002758026e-02
1.155021786689758301e-02
1.226111873984336853e-02
1.165340561419725418e-02
1.323963701725006104e-02
1.182975806295871735e-02
1.176338642835617065e-02
1.174608990550041199e-02
1.197416614741086960e-02
1.154961157590150833e-02
1.197038404643535614e-02
1.218556053936481476e-02
1.173932664096355438e-02
1.164854690432548523e-02
1.149506121873855591e-02
1.217447966337203979e-02
1.202151924371719360e-02
1.310933567583560944e-02
1.195198670029640198e-02
1.143718324601650238e-02
1.172259636223316193e-02
1.180656813085079193e-02
1.151968166232109070e-02
1.129094790667295456e-02
1.227661967277526855e-02
1.116002071648836136e-02
1.139995921403169632e-02
1.165625918656587601e-02
1.163745857775211334e-02
1.169447693973779678e-02
1.129467226564884186e-02
1.097385585308074951e-02
1.128135528415441513e-02
1.110816653817892075e-02
1.122876256704330444e-02
1.110705919563770294e-02
1.114477124065160751e-02
1.083945482969284058e-02
1.108647231012582779e-02
1.110261771827936172e-02
1.128772087395191193e-02
1.134430337697267532e-02
1.245527714490890503e-02
1.118290983140468597e-02
1.158895343542098999e-02
1.123329810798168182e-02
1.110298465937376022e-02
1.108011696487665176e-02
1.095678191632032394e-02
1.123945228755474091e-02
1.121905911713838577e-02
1.114264316856861115e-02
1.107812393456697464e-02
1.121029630303382874e-02
1.101263426244258881e-02
1.099379546940326691e-02
1.104708202183246613e-02
1.092461124062538147e-02
1.093832775950431824e-02
1.144151762127876282e-02
1.102769561111927032e-02
1.212933845818042755e-02
1.141192950308322906e-02
1.130379922688007355e-02
1.174639910459518433e-02
1.120059937238693237e-02
1.131004560738801956e-02
1.119585800915956497e-02
1.104800309985876083e-02
1.104969903826713562e-02
1.122027728706598282e-02
1.105964276939630508e-02
1.109638903290033340e-02
1.114105898886919022e-02
1.113242190331220627e-02
1.106475666165351868e-02
1.109412498772144318e-02
1.122114621102809906e-02
1.125902403146028519e-02
1.132068596780300140e-02
1.144142914563417435e-02
1.135375816375017166e-02
1.111635472625494003e-02
1.099504996091127396e-02
1.118596829473972321e-02
1.139650680124759674e-02
1.154745090752840042e-02
1.133084110915660858e-02
1.119490899145603180e-02
1.123017631471157074e-02
1.143132988363504410e-02
1.122442912310361862e-02
1.162640843540430069e-02
1.125190313905477524e-02
1.118649635463953018e-02
1.130897831171751022e-02
1.135579682886600494e-02
1.109505537897348404e-02
1.129910070449113846e-02
1.126614212989807129e-02
1.137688569724559784e-02
1.158078107982873917e-02
1.128937210887670517e-02
1.136126648634672165e-02
1.108297985047101974e-02
1.153162494301795959e-02
1.110389363020658493e-02
1.119644660502672195e-02
1.114117819815874100e-02
1.099292933940887451e-02
1.105726044625043869e-02
1.117791328579187393e-02
1.099034585058689117e-02
1.107934955507516861e-02
1.121010351926088333e-02
1.103249844163656235e-02
1.103939674794673920e-02
1.125985849648714066e-02
1.116504333913326263e-02
1.161601860076189041e-02
1.127199549227952957e-02
1.123361662030220032e-02
1.106324139982461929e-02
1.124691497534513474e-02
1.117763575166463852e-02
1.116505358368158340e-02
1.138866133987903595e-02
1.119878981262445450e-02
1.115495990961790085e-02
1.269115507602691650e-02
1.225372590124607086e-02
1.149417459964752197e-02
1.127217896282672882e-02
1.119580399245023727e-02
1.140724122524261475e-02
1.093933545053005219e-02
1.122886408120393753e-02
1.164099667221307755e-02
1.153071131557226181e-02
1.139247231185436249e-02
1.159108709543943405e-02
1.153473928570747375e-02
1.134245470166206360e-02
1.134802866727113724e-02
1.128780096769332886e-02
1.133625209331512451e-02
1.182280760258436203e-02
1.128480024635791779e-02
1.115009468048810959e-02
1.106011774390935898e-02
1.160788536071777344e-02
1.147215534001588821e-02
1.189156621694564819e-02
1.194409467279911041e-02
1.150397304445505142e-02
1.148208882659673691e-02
1.131145283579826355e-02
1.163666415959596634e-02
1.146397925913333893e-02
1.157522667199373245e-02
1.160629652440547943e-02
1.179434731602668762e-02
1.121558714658021927e-02
1.141655445098876953e-02
1.134459581226110458e-02
1.154886092990636826e-02
1.126287132501602173e-02
1.144181285053491592e-02
1.122030988335609436e-02
1.159138698130846024e-02
1.144030410796403885e-02
1.140310522168874741e-02
1.118092145770788193e-02
1.125492993742227554e-02
1.113186310976743698e-02
1.131499931216239929e-02
1.233081799000501633e-02
1.109817903488874435e-02
1.122882403433322906e-02
1.121621672064065933e-02
1.120398379862308502e-02
1.126209646463394165e-02
1.156972255557775497e-02
1.126912422478199005e-02
1.124803908169269562e-02
1.140173152089118958e-02
1.118130329996347427e-02
1.104077417403459549e-02
1.107306592166423798e-02
1.123214885592460632e-02
1.115590613335371017e-02
1.147682033479213715e-02
1.126771140843629837e-02
1.168958749622106552e-02
1.156012900173664093e-02
1.125501748174428940e-02
1.198063883930444717e-02
1.154359057545661926e-02
1.211045961827039719e-02
1.170181762427091599e-02
1.179617736488580704e-02
1.195596903562545776e-02
1.153776142746210098e-02
1.195249147713184357e-02
1.142190769314765930e-02
1.166550163179636002e-02
1.169811468571424484e-02
1.130713336169719696e-02
1.127416733652353287e-02
1.141447946429252625e-02
1.145207230001688004e-02
1.119070965796709061e-02
1.132030971348285675e-02
1.155197527259588242e-02
1.130230538547039032e-02
1.161696389317512512e-02
1.119425520300865173e-02
1.200437359511852264e-02
1.135439984500408173e-02
1.171925105154514313e-02
1.217415742576122284e-02
1.155666634440422058e-02
1.132393162697553635e-02
1.171480584889650345e-02
1.147789321839809418e-02
1.149201672524213791e-02
1.151138171553611755e-02
1.166907884180545807e-02
1.156633533537387848e-02
1.122351270169019699e-02
1.165716350078582764e-02
1.122576557099819183e-02
1.137828454375267029e-02
1.150813046842813492e-02
1.147971581667661667e-02
1.186105795204639435e-02
1.147965993732213974e-02
1.139705069363117218e-02
1.136466860771179199e-02
1.131153851747512817e-02
1.105476357042789459e-02
1.149369310587644577e-02
1.139354985207319260e-02
1.162856910377740860e-02
1.154202129691839218e-02
1.134133059531450272e-02
1.153620146214962006e-02
1.152706705033779144e-02
1.129451487213373184e-02
1.162026170641183853e-02
1.115510426461696625e-02
1.118026953190565109e-02
1.134121231734752655e-02
1.127580180764198303e-02
1.138581708073616028e-02
1.146563235670328140e-02
1.124188862740993500e-02
1.130179129540920258e-02
1.134543400257825851e-02
1.166730374097824097e-02
1.136957667768001556e-02
1.145153399556875229e-02
1.136809028685092926e-02
1.127104647457599640e-02
1.155085396021604538e-02
1.160509046167135239e-02
1.129709277302026749e-02
1.138340402394533157e-02
1.156626082956790924e-02
1.145759038627147675e-02
1.126390974968671799e-02
1.121501438319683075e-02
1.132283918559551239e-02
1.132370438426733017e-02
1.118425745517015457e-02
1.148900203406810760e-02
1.159828621894121170e-02
1.138213276863098145e-02
1.165698934346437454e-02
1.136636268347501755e-02
1.178432907909154892e-02
1.141430903226137161e-02
1.140586845576763153e-02
1.155447307974100113e-02
1.142782717943191528e-02
1.145771704614162445e-02
1.152957230806350708e-02
1.151610445231199265e-02
1.116760913282632828e-02
1.162190828472375870e-02
1.132195256650447845e-02
1.143185421824455261e-02
1.129214558750391006e-02
1.121301762759685516e-02
1.137271616607904434e-02
1.122059486806392670e-02
1.150300353765487671e-02
1.125951670110225677e-02
1.133729610592126846e-02
1.134559419006109238e-02
1.127225160598754883e-02
1.137825194746255875e-02
1.137475203722715378e-02
1.137752644717693329e-02
1.140031404793262482e-02
1.140572503209114075e-02
1.151548232883214951e-02
1.125834416598081589e-02
1.175924483686685562e-02
1.111119892448186874e-02
1.157122105360031128e-02
1.146412175148725510e-02
1.155830360949039459e-02
1.130284462124109268e-02
1.126811746507883072e-02
1.154614146798849106e-02
1.153546944260597229e-02
1.141549833118915558e-02
1.120844483375549316e-02
1.131471339613199234e-02
1.125714275985956192e-02
1.134673040360212326e-02
1.108596473932266235e-02
1.132715959101915359e-02
1.146270334720611572e-02
1.123985834419727325e-02
1.145093701779842377e-02
1.124586910009384155e-02
1.136439014226198196e-02
1.126402243971824646e-02
1.127431448549032211e-02
1.126991678029298782e-02
1.130024995654821396e-02
1.132506597787141800e-02
1.155542023479938507e-02
1.152577623724937439e-02
1.124186441302299500e-02
1.164081133902072906e-02
1.170589774847030640e-02
1.136294007301330566e-02
1.145140640437602997e-02
1.132465340197086334e-02
1.144319027662277222e-02
1.138815004378557205e-02
1.133435033261775970e-02
1.124368980526924133e-02
1.148196775466203690e-02
1.146596949547529221e-02
1.175875030457973480e-02
1.132725365459918976e-02
1.140394713729619980e-02
1.138276327401399612e-02
1.146208215504884720e-02
1.154710259288549423e-02
1.136749889701604843e-02
1.215717382729053497e-02
1.159128174185752869e-02
1.187221426516771317e-02
1.183643471449613571e-02
1.160489581525325775e-02
1.150191389024257660e-02
1.192501559853553772e-02
1.151098310947418213e-02
1.132805179804563522e-02
1.190001145005226135e-02
1.149845682084560394e-02
1.141030527651309967e-02
1.168149057775735855e-02
1.149827800691127777e-02
1.133471820503473282e-02
1.139462180435657501e-02
1.160430815070867538e-02
1.146882772445678711e-02
1.121332403272390366e-02
1.160590909421443939e-02
1.150117442011833191e-02
1.170509308576583862e-02
1.126324199140071869e-02
1.148322317749261856e-02
1.129850279539823532e-02
1.125427987426519394e-02
1.130145601928234100e-02
1.117243152111768723e-02
1.113562192767858505e-02
1.126571092754602432e-02
1.114234887063503265e-02
1.129193883389234543e-02
1.113886199891567230e-02
1.128218229860067368e-02
1.140766963362693787e-02
1.138141751289367676e-02
1.129178795963525772e-02
1.143082883208990097e-02
1.124946027994155884e-02
1.128757465630769730e-02
1.139118801802396774e-02
1.151042617857456207e-02
1.151974312961101532e-02
1.131462119519710541e-02
1.136753614991903305e-02
1.141004916280508041e-02
1.125244237482547760e-02
1.149415038526058197e-02
1.184920035302639008e-02
1.150325778871774673e-02
1.228720881044864655e-02
1.215801946818828583e-02
1.183365751057863235e-02
1.197394728660583496e-02
1.132378727197647095e-02
1.169605739414691925e-02
1.168654859066009521e-02
1.142949890345335007e-02
1.126136351376771927e-02
1.167510822415351868e-02
1.151930913329124451e-02
1.122004445642232895e-02
1.163714937865734100e-02
1.171994954347610474e-02
1.122163422405719757e-02
1.150352228432893753e-02
1.185313146561384201e-02
1.144256256520748138e-02
1.145130395889282227e-02
1.193365454673767090e-02
1.160156261175870895e-02
1.159442868083715439e-02
1.153339724987745285e-02
1.160394959151744843e-02
1.184428855776786804e-02
1.155601814389228821e-02
1.165503356605768204e-02
1.140102464705705643e-02
1.119767036288976669e-02
1.131476089358329773e-02
1.099126506596803665e-02
1.169076003134250641e-02
1.126954331994056702e-02
1.128388009965419769e-02
1.119849551469087601e-02
1.126741804182529449e-02
1.086444873362779617e-02
1.118837855756282806e-02
1.135887205600738525e-02
1.133113726973533630e-02
1.147196721285581589e-02
1.134950295090675354e-02
1.131701469421386719e-02
1.128767430782318115e-02
1.126552838832139969e-02
1.115257665514945984e-02
1.130602601915597916e-02
1.112518180161714554e-02
1.129134465008974075e-02
1.103474013507366180e-02
1.135868392884731293e-02
1.146863214671611786e-02
1.125279627740383148e-02
1.155046559870243073e-02
1.138202194124460220e-02
1.142138615250587463e-02
1.135779917240142822e-02
1.150348037481307983e-02
1.149959955364465714e-02
1.161931641399860382e-02
1.138322800397872925e-02
1.140046864748001099e-02
1.154533587396144867e-02
1.144405640661716461e-02
1.161623187363147736e-02
1.139645278453826904e-02
1.166511792689561844e-02
1.162197440862655640e-02
1.156224031001329422e-02
1.208452973514795303e-02
1.167401485145092010e-02
1.225799135863780975e-02
1.153655629605054855e-02
1.196541450917720795e-02
1.213465817272663116e-02
1.136868540197610855e-02
1.144395023584365845e-02
1.235777139663696289e-02
1.168444007635116577e-02
1.146150380373001099e-02
1.197608560323715210e-02
1.205604616552591324e-02
1.165346615016460419e-02
1.189908757805824280e-02
1.213782839477062225e-02
1.193952001631259918e-02
1.206239033490419388e-02
1.157564390450716019e-02
1.209638360887765884e-02
1.145781949162483215e-02
1.191832218319177628e-02
1.187721081078052521e-02
1.137916557490825653e-02
1.164310425519943237e-02
1.161535643041133881e-02
1.125313807278871536e-02
1.180208474397659302e-02
1.116163935512304306e-02
1.139204949140548706e-02
1.138380449265241623e-02
1.106293685734272003e-02
1.109439600259065628e-02
1.133546233177185059e-02
1.143183931708335876e-02
1.177074201405048370e-02
1.132946554571390152e-02
1.156658679246902466e-02
1.158205792307853699e-02
1.122280023992061615e-02
1.151131745427846909e-02
1.137648429721593857e-02
1.155481487512588501e-02
1.131166052073240280e-02
1.117628160864114761e-02
1.149587426334619522e-02
1.157448999583721161e-02
1.132723409682512283e-02
1.140173710882663727e-02
1.161824632436037064e-02
1.163414493203163147e-02
1.153106801211833954e-02
1.164813060313463211e-02
1.137688104063272476e-02
1.146162580698728561e-02
1.142511703073978424e-02
1.140447240322828293e-02
1.146126352250576019e-02
1.148290000855922699e-02
1.150642614811658859e-02
1.150702126324176788e-02
1.158094592392444611e-02
1.146083790808916092e-02
1.146144140511751175e-02
1.155586168169975281e-02
1.148058101534843445e-02
1.135563571006059647e-02
1.146831270307302475e-02
1.141003519296646118e-02
1.141220144927501678e-02
1.165507826954126358e-02
1.157217193394899368e-02
1.172232907265424728e-02
1.146098412573337555e-02
1.174184959381818771e-02
1.150720566511154175e-02
1.164226327091455460e-02
1.147769391536712646e-02
1.140044815838336945e-02
1.132493931800127029e-02
1.178337074816226959e-02
1.123767159879207611e-02
1.136561296880245209e-02
1.125037111341953278e-02
1.151060871779918671e-02
1.143871154636144638e-02
1.138469669967889786e-02
1.133810542523860931e-02
1.119999215006828308e-02
1.141214463859796524e-02
1.139274705201387405e-02
1.144730113446712494e-02
1.128768455237150192e-02
1.137834973633289337e-02
1.125318836420774460e-02
1.146601606160402298e-02
1.138276979327201843e-02
1.141556818038225174e-02
1.164829544723033905e-02
1.123274676501750946e-02
1.136849820613861084e-02
1.136724092066287994e-02
1.149472780525684357e-02
1.149436924606561661e-02
1.170914247632026672e-02
1.153712719678878784e-02
1.150678191334009171e-02
1.137756835669279099e-02
1.145065482705831528e-02
1.154081709682941437e-02
1.137119065970182419e-02
1.154943555593490601e-02
1.173338387161493301e-02
1.144990231841802597e-02
1.142240781337022781e-02
1.158245932310819626e-02
1.153386104851961136e-02
1.133089326322078705e-02
1.178220566362142563e-02
1.144716329872608185e-02
1.139142550528049469e-02
1.161394733935594559e-02
1.145429629832506180e-02
1.185394730418920517e-02
1.179533544927835464e-02
1.127243135124444962e-02
1.165985409170389175e-02
1.165527757257223129e-02
1.142706163227558136e-02
1.170070003718137741e-02
1.186682656407356262e-02
1.152172125875949860e-02
1.138762943446636200e-02
1.269525382667779922e-02
1.176355592906475067e-02
1.139285694807767868e-02
1.213094685226678848e-02
1.178617309778928757e-02
1.146551780402660370e-02
1.140472572296857834e-02
1.166577916592359543e-02
1.156837027519941330e-02
1.161913480609655380e-02
1.168816536664962769e-02
1.165988855063915253e-02
1.169002242386341095e-02
1.154804229736328125e-02
1.155561674386262894e-02
1.149164699018001556e-02
1.130483392626047134e-02
1.129891443997621536e-02
1.128176227211952209e-02
1.181555725634098053e-02
1.116887759417295456e-02
1.213631965219974518e-02
1.149625331163406372e-02
1.185348257422447205e-02
1.165087055414915085e-02
1.165262795984745026e-02
1.157512143254280090e-02
1.127874851226806641e-02
1.191569399088621140e-02
1.144480612128973007e-02
1.138486899435520172e-02
1.192669477313756943e-02
1.151655707508325577e-02
1.151086948812007904e-02
1.112290192395448685e-02
1.177678816020488739e-02
1.137547567486763000e-02
1.118353940546512604e-02
1.168429013341665268e-02
1.184864342212677002e-02
1.152872666716575623e-02
1.169256307184696198e-02
1.143982727080583572e-02
1.211557164788246155e-02
1.185598038136959076e-02
1.141702104359865189e-02
1.165471039712429047e-02
1.168867666274309158e-02
1.134346146136522293e-02
1.126544177532196045e-02
1.164145581424236298e-02
1.193926203995943069e-02
1.156805455684661865e-02
1.147032249718904495e-02
1.243526581674814224e-02
1.148318685591220856e-02
1.134845893830060959e-02
1.152001228183507919e-02
1.149670500308275223e-02
1.155251450836658478e-02
1.152125839143991470e-02
1.122860703617334366e-02
1.139790285378694534e-02
1.139048673212528229e-02
1.111115794628858566e-02
1.139133237302303314e-02
1.137815695255994797e-02
1.145798340439796448e-02
1.135246921330690384e-02
1.125947386026382446e-02
1.125590410083532333e-02
1.117727998644113541e-02
1.130959391593933105e-02
1.150628365576267242e-02
1.144902128726243973e-02
1.146619021892547607e-02
1.151850167661905289e-02
1.153597328811883926e-02
1.139016263186931610e-02
1.180215086787939072e-02
1.156240701675415039e-02
1.203185226768255234e-02
1.171969994902610779e-02
1.161963492631912231e-02
1.144191063940525055e-02
1.123794168233871460e-02
1.144558191299438477e-02
1.142215169966220856e-02
1.145230699330568314e-02
1.178563851863145828e-02
1.159349828958511353e-02
1.156670786440372467e-02
1.160874869674444199e-02
1.146628800779581070e-02
1.153459586203098297e-02
1.150385104119777679e-02
1.145299058407545090e-02
1.144773140549659729e-02
1.144514977931976318e-02
1.142275333404541016e-02
1.144406478852033615e-02
1.138185989111661911e-02
1.153265126049518585e-02
1.148975268006324768e-02
1.142190676182508469e-02
1.144356932491064072e-02
1.136971358209848404e-02
1.143287960439920425e-02
1.147116255015134811e-02
1.137984171509742737e-02
1.147601567208766937e-02
1.145512145012617111e-02
1.143475156277418137e-02
1.133168954402208328e-02
1.140674483031034470e-02
1.135518588125705719e-02
1.144078280776739120e-02
1.134783867746591568e-02
1.135277003049850464e-02
1.146501116454601288e-02
1.148029975593090057e-02
1.140693575143814087e-02
1.181290578097105026e-02
1.135236676782369614e-02
1.133741345256567001e-02
1.141755376011133194e-02
1.136111002415418625e-02
1.136879064142704010e-02
1.133102830499410629e-02
1.137741189450025558e-02
1.134728081524372101e-02
1.139305531978607178e-02
1.152851805090904236e-02
1.134877372533082962e-02
1.168403960764408112e-02
1.153289154171943665e-02
1.152369659394025803e-02
1.177638676017522812e-02
1.158488821238279343e-02
1.152216177433729172e-02
1.147935818880796432e-02
1.164413057267665863e-02
1.163852307945489883e-02
1.153294835239648819e-02
1.144485082477331161e-02
1.181464549154043198e-02
1.140781026333570480e-02
1.148070488125085831e-02
1.159160863608121872e-02
1.139312237501144409e-02
1.128838956356048584e-02
1.134653855115175247e-02
1.129855681210756302e-02
1.136412192136049271e-02
1.149820350110530853e-02
1.127544697374105453e-02
1.146106701344251633e-02
1.125223375856876373e-02
1.146139856427907944e-02
1.143220625817775726e-02
1.162818167358636856e-02
1.167306583374738693e-02
1.151273958384990692e-02
1.155505143105983734e-02
1.146477274596691132e-02
1.151450164616107941e-02
1.136345416307449341e-02
1.117424760013818741e-02
1.114889048039913177e-02
1.125837862491607666e-02
1.137083582580089569e-02
1.128107495605945587e-02
1.134878490120172501e-02
1.134508475661277771e-02
1.133451797068119049e-02
1.133090723305940628e-02
1.137261651456356049e-02
1.133427117019891739e-02
1.118866447359323502e-02
1.182588934898376465e-02
1.139810122549533844e-02
1.139627490192651749e-02
1.132731512188911438e-02
1.135538239032030106e-02
1.134593319147825241e-02
1.149632129818201065e-02
1.147338468581438065e-02
1.134870760142803192e-02
1.133443135768175125e-02
1.158727612346410751e-02
1.139238290488719940e-02
1.136169768869876862e-02
1.148381363600492477e-02
1.143787242472171783e-02
1.146407984197139740e-02
1.142541691660881042e-02
1.143983379006385803e-02
1.138965133577585220e-02
1.139888726174831390e-02
1.151804532855749130e-02
1.139556989073753357e-02
1.144641730934381485e-02
1.152752339839935303e-02
1.129537541419267654e-02
1.165077462792396545e-02
1.144213043153285980e-02
1.129002682864665985e-02
1.141576003283262253e-02
1.130247674882411957e-02
1.137857325375080109e-02
1.132942549884319305e-02
1.138401497155427933e-02
1.132827810943126678e-02
1.150365360081195831e-02
1.153136231005191803e-02
1.147191133350133896e-02
1.151612494140863419e-02
1.148779317736625671e-02
1.115844119340181351e-02
1.122802775353193283e-02
1.119253691285848618e-02
1.136022526770830154e-02
1.139256823807954788e-02
1.119268313050270081e-02
1.122995931655168533e-02
1.132444385439157486e-02
1.136708538979291916e-02
1.154483202844858170e-02
1.152845192700624466e-02
1.148020103573799133e-02
1.145851239562034607e-02
1.140204351395368576e-02
1.161508634686470032e-02
1.142831053584814072e-02
1.142237428575754166e-02
1.151953637599945068e-02
1.146170869469642639e-02
1.153710577636957169e-02
1.172167807817459106e-02
1.131647545844316483e-02
1.145070884376764297e-02
1.150118652731180191e-02
1.137924380600452423e-02
1.168033387511968613e-02
1.157230045646429062e-02
1.149416994303464890e-02
1.176153589040040970e-02
1.159929484128952026e-02
1.158660277724266052e-02
1.190389506518840790e-02
1.201113499701023102e-02
1.150602288544178009e-02
1.153916399925947189e-02
1.154021546244621277e-02
1.125199161469936371e-02
1.149538718163967133e-02
1.168509665876626968e-02
1.145192980766296387e-02
1.137412339448928833e-02
1.129214279353618622e-02
1.134441047906875610e-02
1.123827323317527771e-02
1.123727671802043915e-02
1.141267642378807068e-02
1.130023505538702011e-02
1.147531624883413315e-02
1.156018767505884171e-02
1.127546001225709915e-02
1.119904313236474991e-02
1.146682165563106537e-02
1.138990744948387146e-02
1.175840478390455246e-02
1.140466611832380295e-02
1.161730010062456131e-02
1.162014715373516083e-02
1.150842104107141495e-02
1.179830078035593033e-02
1.179949380457401276e-02
1.146259717643260956e-02
1.143160369247198105e-02
1.139293704181909561e-02
1.142197661101818085e-02
1.135744061321020126e-02
1.160923950374126434e-02
1.155543513596057892e-02
1.168634742498397827e-02
1.144287362694740295e-02
1.179923769086599350e-02
1.172236260026693344e-02
1.142879202961921692e-02
1.152236387133598328e-02
1.167867332696914673e-02
1.143207307904958725e-02
1.135844085365533829e-02
1.150506362318992615e-02
1.144906785339117050e-02
1.159639935940504074e-02
1.149106677621603012e-02
1.177082583308219910e-02
1.136923301964998245e-02
1.155004836618900299e-02
1.150619611144065857e-02
1.110744755715131760e-02
1.121467351913452148e-02
1.161807775497436523e-02
1.152428239583969116e-02
1.139233540743589401e-02
1.175605691969394684e-02
1.159541960805654526e-02
1.129756774753332138e-02
1.158961188048124313e-02
1.146304700523614883e-02
1.116657257080078125e-02
1.139307115226984024e-02
1.160567067563533783e-02
1.153410319238901138e-02
1.136479992419481277e-02
1.136110909283161163e-02
1.128860283643007278e-02
1.134292129427194595e-02
1.123132370412349701e-02
1.140279229730367661e-02
1.153147127479314804e-02
1.131178997457027435e-02
1.148153282701969147e-02
1.173812709748744965e-02
1.137659139931201935e-02
1.147830765694379807e-02
1.147771067917346954e-02
1.148380152881145477e-02
1.120471954345703125e-02
1.110234111547470093e-02
1.140474434942007065e-02
1.137116830796003342e-02
1.134701073169708252e-02
1.131238415837287903e-02
1.133347488939762115e-02
1.183152198791503906e-02
1.142387185245752335e-02
1.148919109255075455e-02
1.141867041587829590e-02
1.133450306951999664e-02
1.150489598512649536e-02
1.150492206215858459e-02
1.137681864202022552e-02
1.150622032582759857e-02
1.168333180248737335e-02
1.136412564665079117e-02
1.156161446124315262e-02
1.156274415552616119e-02
1.142386440187692642e-02
1.141606085002422333e-02
1.158185862004756927e-02
1.147861965000629425e-02
1.128852367401123047e-02
1.132175512611865997e-02
1.154261175543069839e-02
1.140267122536897659e-02
1.145842578262090683e-02
1.166918128728866577e-02
1.133787259459495544e-02
1.186786871403455734e-02
1.143000368028879166e-02
1.144273113459348679e-02
1.139015331864356995e-02
1.166569627821445465e-02
1.139640063047409058e-02
1.153731625527143478e-02
1.142487302422523499e-02
1.157935801893472672e-02
1.152416970580816269e-02
1.123848464339971542e-02
1.127903722226619720e-02
1.119725126773118973e-02
1.169574819505214691e-02
1.162111107259988785e-02
1.137661933898925781e-02
1.128083188086748123e-02
1.140336599200963974e-02
1.134813390672206879e-02
1.139781903475522995e-02
1.154330745339393616e-02
1.129588112235069275e-02
1.150678098201751709e-02
1.163210626691579819e-02
1.144557818770408630e-02
1.169645786285400391e-02
1.147112809121608734e-02
1.143058203160762787e-02
1.152940839529037476e-02
1.140286959707736969e-02
1.143464911729097366e-02
1.155473385006189346e-02
1.137511152774095535e-02
1.129171811044216156e-02
1.152092963457107544e-02
1.135691069066524506e-02
1.141738239675760269e-02
1.148444600403308868e-02
1.132398005574941635e-02
1.163075305521488190e-02
1.141854654997587204e-02
1.124237198382616043e-02
1.133575383573770523e-02
1.153687387704849243e-02
1.145430281758308411e-02
1.147501077502965927e-02
1.146734971553087234e-02
1.126365456730127335e-02
1.131237763911485672e-02
1.147518586367368698e-02
1.147439144551753998e-02
1.136618759483098984e-02
1.138622872531414032e-02
1.162372250109910965e-02
1.140801422297954559e-02
1.138956937938928604e-02
1.150600146502256393e-02
1.120314467698335648e-02
1.137810852378606796e-02
1.139615103602409363e-02
1.122261118143796921e-02
1.150271017104387283e-02
1.136623416095972061e-02
1.144052483141422272e-02
1.143555995076894760e-02
1.140595320612192154e-02
1.135142333805561066e-02
1.138823293149471283e-02
1.139295380562543869e-02
1.133692637085914612e-02
1.147271133959293365e-02
1.152131054550409317e-02
1.144661940634250641e-02
1.143900398164987564e-02
1.153307221829891205e-02
1.140842307358980179e-02
1.140401512384414673e-02
1.149648614227771759e-02
1.140229217708110809e-02
1.149270683526992798e-02
1.141065824776887894e-02
1.160198356956243515e-02
1.150425057858228683e-02
1.144572161138057709e-02
1.171391457319259644e-02
1.164311077445745468e-02
1.152890827506780624e-02
1.153982710093259811e-02
1.160840783268213272e-02
1.148997806012630463e-02
1.148938573896884918e-02
1.161253638565540314e-02
1.130875013768672943e-02
1.131262350827455521e-02
1.141533721238374710e-02
1.144237630069255829e-02
1.136413775384426117e-02
1.158532034605741501e-02
1.133573055267333984e-02
1.172630116343498230e-02
1.175741385668516159e-02
1.149191986769437790e-02
1.165285054594278336e-02
1.169930584728717804e-02
1.146594621241092682e-02
1.132274325937032700e-02
1.146617345511913300e-02
1.145998574793338776e-02
1.159121282398700714e-02
1.130106952041387558e-02
1.142843253910541534e-02
1.135706156492233276e-02
1.123267784714698792e-02
1.178364828228950500e-02
1.140628755092620850e-02
1.144130621105432510e-02
1.136104948818683624e-02
1.119294669479131699e-02
1.127031631767749786e-02
1.163809280842542648e-02
1.133054308593273163e-02
1.138709578663110733e-02
1.129749510437250137e-02
1.135240867733955383e-02
1.124645303934812546e-02
1.120632700622081757e-02
1.120016165077686310e-02
1.112868729978799820e-02
1.134803891181945801e-02
1.128878444433212280e-02
1.149378996342420578e-02
1.135553326457738876e-02
1.136357523500919342e-02
1.136102341115474701e-02
1.138602662831544876e-02
1.130387838929891586e-02
1.134090498089790344e-02
1.138880103826522827e-02
1.138602755963802338e-02
1.134307216852903366e-02
1.141999941319227219e-02
1.164254080504179001e-02
1.140635833144187927e-02
1.166826579719781876e-02
1.147115230560302734e-02
1.144133228808641434e-02
1.160483434796333313e-02
1.151304598897695541e-02
1.153571996837854385e-02
1.156823523342609406e-02
1.141969952732324600e-02
1.141901221126317978e-02
1.144562754780054092e-02
1.153666432946920395e-02
1.173517201095819473e-02
1.187506876885890961e-02
1.143878791481256485e-02
1.188487187027931213e-02
1.157525088638067245e-02
1.147091761231422424e-02
1.145447604358196259e-02
1.128331013023853302e-02
1.136780250817537308e-02
1.128598023205995560e-02
1.132504083216190338e-02
1.138460915535688400e-02
1.139404159039258957e-02
1.126295235008001328e-02
1.113178767263889313e-02
1.134459953755140305e-02
1.136799342930316925e-02
1.137041859328746796e-02
1.142113655805587769e-02
1.156754139810800552e-02
1.150551903992891312e-02
1.146408542990684509e-02
1.134796254336833954e-02
1.123065035790205002e-02
1.131996326148509979e-02
1.145985256880521774e-02
1.144157070666551590e-02
1.140015386044979095e-02
1.134582236409187317e-02
1.133859064429998398e-02
1.141432579606771469e-02
1.138867251574993134e-02
1.142891682684421539e-02
1.131863426417112350e-02
1.134047377854585648e-02
1.139683183282613754e-02
1.136185787618160248e-02
1.125750225037336349e-02
1.148578058928251266e-02
1.150202471762895584e-02
1.137472130358219147e-02
1.139110140502452850e-02
1.136502623558044434e-02
1.136644929647445679e-02
1.131419930607080460e-02
1.139985863119363785e-02
1.141920499503612518e-02
1.153997797518968582e-02
1.138711255043745041e-02
1.119699142873287201e-02
1.116055157035589218e-02
1.108372770249843597e-02
1.139821112155914307e-02
1.127538736909627914e-02
1.150555722415447235e-02
1.139664091169834137e-02
1.143442746251821518e-02
1.138852164149284363e-02
1.140492316335439682e-02
1.134144142270088196e-02
1.124945189803838730e-02
1.144034136086702347e-02
2.320775389671325684e-02
1.155772525817155838e-02
1.196901686489582062e-02
1.151149719953536987e-02
1.169810816645622253e-02
1.153117977082729340e-02
1.145543158054351807e-02
1.207975205034017563e-02
1.180650852620601654e-02
1.147952862083911896e-02
1.177345961332321167e-02
1.165606267750263214e-02
1.135251950472593307e-02
1.142613496631383896e-02
1.155005302280187607e-02
1.186228264123201370e-02
1.155746448785066605e-02
1.141998171806335449e-02
1.135485433042049408e-02
1.135380379855632782e-02
1.138710323721170425e-02
1.159128360450267792e-02
1.129635144025087357e-02
1.141333766281604767e-02
1.127499155700206757e-02
1.114733424037694931e-02
1.127092819660902023e-02
1.126155350357294083e-02
1.100278738886117935e-02
1.121550519019365311e-02
1.147732511162757874e-02
1.139423344284296036e-02
1.115176454186439514e-02
1.147851347923278809e-02
1.119380071759223938e-02
1.102388370782136917e-02
1.127315685153007507e-02
1.122951414436101913e-02
1.105630025267601013e-02
1.115752663463354111e-02
1.132775750011205673e-02
1.126447599381208420e-02
1.122553180903196335e-02
1.122091896831989288e-02
1.154178660362958908e-02
1.102751120924949646e-02
1.125250384211540222e-02
1.132915075868368149e-02
1.123948395252227783e-02
1.119211129844188690e-02
1.155128981918096542e-02
1.147670950740575790e-02
1.141685154289007187e-02
1.158350333571434021e-02
1.187486946582794189e-02
1.157542597502470016e-02
1.143646705895662308e-02
1.120992470532655716e-02
1.138035301119089127e-02
1.149457413703203201e-02
1.144377142190933228e-02
1.136613544076681137e-02
1.142793986946344376e-02
1.141719892621040344e-02
1.130997668951749802e-02
1.136987842619419098e-02
1.136817410588264465e-02
1.155689172446727753e-02
1.149168424308300018e-02
1.141958776861429214e-02
1.166451349854469299e-02
1.149245072156190872e-02
1.177840959280729294e-02
1.149830687791109085e-02
1.198649033904075623e-02
1.161471195518970490e-02
1.146199740469455719e-02
1.187075488269329071e-02
1.175482198596000671e-02
1.162085961550474167e-02
1.183091755956411362e-02
1.158653385937213898e-02
1.127949357032775879e-02
1.138221938163042068e-02
1.136020291596651077e-02
1.180119346827268600e-02
1.169025711715221405e-02
1.186745613813400269e-02
1.171297486871480942e-02
1.143784821033477783e-02
1.132948976010084152e-02
1.156978961080312729e-02
1.158664841204881668e-02
1.146456040441989899e-02
1.148061826825141907e-02
1.140211336314678192e-02
1.126002334058284760e-02
1.125232502818107605e-02
1.151677872985601425e-02
1.142022665590047836e-02
1.145760063081979752e-02
1.119890995323657990e-02
1.133708562701940536e-02
1.142831519246101379e-02
1.133997179567813873e-02
1.149116083979606628e-02
1.117344573140144348e-02
1.121666654944419861e-02
1.142327953130006790e-02
1.135926321148872375e-02
1.150398422032594681e-02
1.147572603076696396e-02
1.137206330895423889e-02
1.140894833952188492e-02
1.135897915810346603e-02
1.137008238583803177e-02
1.147705782204866409e-02
1.149166747927665710e-02
1.122474670410156250e-02
1.136505883187055588e-02
1.148490235209465027e-02
1.145325601100921631e-02
1.138172671198844910e-02
1.141446735709905624e-02
1.138514094054698944e-02
1.143614202737808228e-02
1.137534808367490768e-02
1.144518423825502396e-02
1.141560915857553482e-02
1.134003978222608566e-02
1.132985949516296387e-02
1.132345665246248245e-02
1.134394854307174683e-02
1.128482725471258163e-02
1.131945475935935974e-02
1.134445052593946457e-02
1.138959079980850220e-02
1.131565310060977936e-02
1.155229099094867706e-02
1.142924092710018158e-02
1.149544771760702133e-02
1.154717430472373962e-02
1.149294525384902954e-02
1.138626039028167725e-02
1.139990705996751785e-02
1.147075742483139038e-02
1.133538410067558289e-02
1.141133718192577362e-02
1.138316281139850616e-02
1.130617223680019379e-02
1.139095425605773926e-02
1.148075610399246216e-02
1.135269366204738617e-02
1.161436643451452255e-02
1.129900943487882614e-02
1.143472362309694290e-02
1.132327411323785782e-02
1.135263126343488693e-02
1.147603336721658707e-02
1.133482903242111206e-02
1.136279106140136719e-02
1.133288815617561340e-02
1.133448723703622818e-02
1.134324073791503906e-02
1.136114075779914856e-02
1.138118095695972443e-02
1.130285579711198807e-02
1.160301174968481064e-02
1.140494830906391144e-02
1.146601513028144836e-02
1.151230838149785995e-02
1.139408256858587265e-02
1.148153096437454224e-02
1.148934382945299149e-02
1.138968020677566528e-02
1.148680411279201508e-02
1.148916129022836685e-02
1.150285825133323669e-02
1.152911502867937088e-02
1.152902282774448395e-02
1.157252490520477295e-02
1.135131437331438065e-02
1.147597935050725937e-02
1.163797359913587570e-02
1.138492394238710403e-02
1.143457926809787750e-02
1.147348713129758835e-02
1.174156833440065384e-02
1.138691604137420654e-02
1.159126218408346176e-02
1.132786832749843597e-02
1.139127183705568314e-02
1.156045775860548019e-02
1.158024929463863373e-02
1.141437981277704239e-02
1.140524912625551224e-02
1.145057380199432373e-02
1.133934594690799713e-02
1.120116002857685089e-02
1.153187546879053116e-02
1.136966794729232788e-02
1.144784875214099884e-02
1.139858830720186234e-02
1.137377414852380753e-02
1.122348476201295853e-02
1.123250462114810944e-02
1.133955828845500946e-02
1.136380806565284729e-02
1.138444617390632629e-02
1.145829074084758759e-02
1.142166834324598312e-02
1.134094782173633575e-02
1.138343848288059235e-02
1.138137746602296829e-02
1.120496541261672974e-02
1.148864440619945526e-02
1.138606108725070953e-02
1.127410214394330978e-02
1.141539029777050018e-02
1.127106603235006332e-02
1.129634771496057510e-02
1.141164079308509827e-02
1.139407604932785034e-02
1.141991559416055679e-02
1.140194945037364960e-02
1.140311080962419510e-02
1.138688065111637115e-02
1.142559852451086044e-02
1.133370213210582733e-02
1.140253618359565735e-02
1.141573488712310791e-02
1.121701393276453018e-02
1.140940561890602112e-02
1.145702973008155823e-02
1.133140362799167633e-02
1.166000496596097946e-02
1.145347952842712402e-02
1.156066916882991791e-02
1.163907442241907120e-02
1.141505874693393707e-02
1.133282016962766647e-02
1.135314162820577621e-02
1.134825218468904495e-02
1.135027315467596054e-02
1.134213525801897049e-02
1.124518550932407379e-02
1.137851085513830185e-02
1.137143466621637344e-02
1.123699080199003220e-02
1.127772685140371323e-02
1.152571104466915131e-02
1.131442096084356308e-02
1.125594321638345718e-02
1.147513091564178467e-02
1.147048175334930420e-02
1.139515638351440430e-02
1.147036161273717880e-02
1.153781637549400330e-02
1.135814096778631210e-02
1.135640498250722885e-02
1.136399991810321808e-02
1.130802184343338013e-02
1.123361289501190186e-02
1.138203311711549759e-02
1.137626077979803085e-02
1.139573846012353897e-02
1.139322202652692795e-02
1.133389491587877274e-02
1.139372121542692184e-02
1.138447318226099014e-02
1.138717588037252426e-02
1.132869999855756760e-02
1.131307519972324371e-02
1.135700847953557968e-02
1.132035627961158752e-02
1.129194069653749466e-02
1.145353447645902634e-02
1.134939584881067276e-02
1.144345197826623917e-02
1.151917595416307449e-02
1.136025693267583847e-02
1.144073251634836197e-02
1.135383732616901398e-02
1.136276964098215103e-02
1.134927757084369659e-02
1.135851349681615829e-02
1.140142511576414108e-02
1.136234030127525330e-02
1.150299143046140671e-02
1.137681212276220322e-02
1.150785200297832489e-02
1.136601623147726059e-02
1.140279229730367661e-02
1.150958146899938583e-02
1.150181237608194351e-02
1.137497462332248688e-02
1.139906421303749084e-02
1.140849851071834564e-02
1.140957232564687729e-02
1.113056950271129608e-02
1.144476886838674545e-02
1.143729221075773239e-02
1.145534496754407883e-02
1.138319168239831924e-02
1.143665798008441925e-02
1.139784976840019226e-02
1.142521481961011887e-02
1.136007159948348999e-02
1.135891489684581757e-02
1.137588545680046082e-02
1.135912071913480759e-02
1.140510477125644684e-02
1.141462288796901703e-02
1.133051421493291855e-02
1.147164218127727509e-02
1.138684898614883423e-02
1.132086664438247681e-02
1.132030785083770752e-02
1.111065130680799484e-02
1.147964876145124435e-02
1.138406991958618164e-02
1.133543252944946289e-02
1.132801454514265060e-02
1.140383165329694748e-02
1.137972902506589890e-02
1.134994626045227051e-02
1.152067072689533234e-02
1.134255342185497284e-02
1.143893692642450333e-02
1.147824991494417191e-02
1.142155006527900696e-02
1.145170070230960846e-02
1.146398391574621201e-02
1.144567318260669708e-02
1.138397026807069778e-02
1.158999558538198471e-02
1.143695320934057236e-02
1.150809135288000107e-02
1.160624157637357712e-02
1.146693807095289230e-02
1.146903913468122482e-02
1.161158084869384766e-02
1.133480761200189590e-02
1.136750075966119766e-02
1.152905449271202087e-02
1.149876229465007782e-02
1.138746645301580429e-02
1.157356239855289459e-02
1.146178226917982101e-02
1.156582683324813843e-02
1.154249068349599838e-02
1.117201056331396103e-02
1.144547481089830399e-02
1.144224777817726135e-02
1.156350877135992050e-02
1.150061748921871185e-02
1.134004071354866028e-02
1.140781305730342865e-02
1.129735913127660751e-02
1.137013640254735947e-02
1.135599147528409958e-02
1.144144497811794281e-02
1.123426854610443115e-02
1.114811189472675323e-02
1.118961721658706665e-02
1.135435141623020172e-02
1.137682702392339706e-02
1.143565308302640915e-02
1.138391718268394470e-02
1.139170117676258087e-02
1.145538967102766037e-02
1.130950078368186951e-02
1.176719274371862411e-02
1.144250296056270599e-02
1.169081497937440872e-02
1.154880877584218979e-02
1.142410840839147568e-02
1.152778137475252151e-02
1.155919767916202545e-02
1.146633550524711609e-02
1.153954491019248962e-02
1.146644540131092072e-02
1.146139111369848251e-02
1.145139615982770920e-02
1.137928105890750885e-02
1.137517858296632767e-02
1.136702392250299454e-02
1.150911580771207809e-02
1.147609949111938477e-02
1.137304771691560745e-02
1.140802539885044098e-02
1.138747390359640121e-02
1.138915121555328369e-02
1.119166240096092224e-02
1.148041896522045135e-02
1.139525789767503738e-02
1.136784162372350693e-02
1.144156046211719513e-02
1.158084254711866379e-02
1.143142487853765488e-02
1.167138013988733292e-02
1.156435161828994751e-02
1.121966354548931122e-02
1.151054818183183670e-02
1.126163639128208160e-02
1.163183525204658508e-02
1.146773621439933777e-02
1.164304930716753006e-02
1.136989332735538483e-02
1.141260471194982529e-02
1.140571944415569305e-02
1.134822331368923187e-02
1.149575039744377136e-02
1.158265117555856705e-02
1.131225842982530594e-02
1.119026076048612595e-02
1.140609383583068848e-02
1.151134166866540909e-02
1.138630416244268417e-02
1.143145747482776642e-02
1.141132786870002747e-02
1.147194951772689819e-02
1.140392478555440903e-02
1.141234580427408218e-02
1.123130600899457932e-02
1.124102529138326645e-02
1.148731913417577744e-02
1.137216389179229736e-02
1.127173751592636108e-02
1.125184167176485062e-02
1.133536081761121750e-02
1.144184451550245285e-02
1.135995518416166306e-02
1.133859436959028244e-02
1.136162877082824707e-02
1.132883504033088684e-02
1.133110374212265015e-02
1.144022215157747269e-02
1.123369392007589340e-02
1.133471634238958359e-02
1.141908206045627594e-02
1.132849790155887604e-02
1.133799180388450623e-02
1.150483451783657074e-02
1.140338741242885590e-02
1.146756857633590698e-02
1.138907112181186676e-02
1.151769049465656281e-02
1.145379990339279175e-02
1.139962114393711090e-02
1.139747723937034607e-02
1.142052933573722839e-02
1.131988503038883209e-02
1.131938584148883820e-02
1.135632582008838654e-02
1.144489459693431854e-02
1.141517329961061478e-02
1.141889486461877823e-02
1.153579540550708771e-02
1.145022548735141754e-02
1.144359447062015533e-02
1.149477995932102203e-02
1.153172273188829422e-02
1.146324165165424347e-02
1.146508287638425827e-02
1.133879832923412323e-02
1.138358376920223236e-02
1.136325020343065262e-02
1.135469600558280945e-02
1.144817285239696503e-02
1.133029442280530930e-02
1.150188408792018890e-02
1.138534024357795715e-02
1.133513171225786209e-02
1.147196907550096512e-02
1.136153470724821091e-02
1.164059154689311981e-02
1.153137907385826111e-02
1.143226306885480881e-02
1.155558973550796509e-02
1.138150319457054138e-02
1.129520405083894730e-02
1.140745077282190323e-02
1.141931023448705673e-02
1.153370738029479980e-02
1.148311607539653778e-02
1.132460124790668488e-02
1.161612849682569504e-02
1.151088718324899673e-02
1.138480566442012787e-02
1.141156628727912903e-02
1.134784705936908722e-02
1.137319114059209824e-02
1.122061349451541901e-02
1.133324764668941498e-02
1.131031755357980728e-02
1.135665643960237503e-02
1.134252641350030899e-02
1.142083201557397842e-02
1.146190986037254333e-02
1.148359104990959167e-02
1.137617882341146469e-02
1.129174325615167618e-02
1.141274254769086838e-02
1.128860004246234894e-02
1.135055627673864365e-02
1.152320485562086105e-02
1.144801639020442963e-02
1.134963892400264740e-02
1.128787081688642502e-02
1.139109302312135696e-02
1.145998854190111160e-02
1.122940704226493835e-02
1.129902247339487076e-02
1.132874097675085068e-02
1.127521973103284836e-02
1.137359999120235443e-02
1.135140191763639450e-02
1.141926273703575134e-02
1.137352269142866135e-02
1.138562522828578949e-02
1.137847639620304108e-02
1.135670393705368042e-02
1.139114797115325928e-02
1.142017543315887451e-02
1.137966383248567581e-02
1.132879219949245453e-02
1.143259461969137192e-02
1.129659079015254974e-02
1.156732719391584396e-02
1.137072779238224030e-02
1.140709593892097473e-02
1.140470616519451141e-02
1.134273782372474670e-02
1.131674554198980331e-02
1.139989774674177170e-02
1.136110629886388779e-02
1.130610890686511993e-02
1.139346696436405182e-02
1.136551797389984131e-02
1.130145974457263947e-02
1.137666311115026474e-02
1.132511906325817108e-02
1.143093686550855637e-02
1.142963673919439316e-02
1.147325336933135986e-02
1.158090680837631226e-02
1.135889627039432526e-02
1.173049677163362503e-02
1.153776235878467560e-02
1.154258288443088531e-02
1.161538809537887573e-02
1.153650972992181778e-02
1.141073834151029587e-02
1.137096621096134186e-02
1.110642403364181519e-02
1.128028705716133118e-02
1.140088867396116257e-02
1.137633249163627625e-02
1.141772139817476273e-02
1.143581978976726532e-02
1.152780093252658844e-02
1.126987207680940628e-02
1.149780768901109695e-02
1.140919793397188187e-02
1.141162682324647903e-02
1.119877491146326065e-02
1.112918555736541748e-02
1.128942985087633133e-02
1.131233107298612595e-02
1.134697627276182175e-02
1.133956573903560638e-02
1.138138491660356522e-02
1.130369491875171661e-02
1.130643300712108612e-02
1.139313075691461563e-02
1.126260589808225632e-02
1.132680755108594894e-02
1.141254976391792297e-02
1.131615228950977325e-02
1.142871845513582230e-02
1.136083621531724930e-02
1.142836175858974457e-02
1.140070240944623947e-02
1.155295129865407944e-02
1.134254503995180130e-02
1.133017614483833313e-02
1.125176344066858292e-02
1.139659900218248367e-02
1.140613853931427002e-02
1.143472269177436829e-02
1.140925753861665726e-02
1.140922587364912033e-02
1.137622166424989700e-02
1.132066454738378525e-02
1.140056736767292023e-02
1.134489476680755615e-02
1.137737277895212173e-02
1.135964225977659225e-02
1.131661608815193176e-02
1.134770456701517105e-02
1.128066424280405045e-02
1.138663571327924728e-02
1.117829140275716782e-02
1.131501421332359314e-02
1.129365898668766022e-02
1.128981076180934906e-02
1.139263529330492020e-02
1.125551946461200714e-02
1.164026651531457901e-02
1.137467753142118454e-02
1.138757821172475815e-02
1.148510817438364029e-02
1.127894129604101181e-02
1.173130888491868973e-02
1.137988362461328506e-02
1.131279394030570984e-02
1.138192601501941681e-02
1.140593551099300385e-02
1.119802705943584442e-02
1.121941674500703812e-02
1.131568010896444321e-02
1.135433185845613480e-02
1.133775804191827774e-02
1.117894612252712250e-02
1.137749943882226944e-02
1.125742401927709579e-02
1.115424092859029770e-02
1.136618107557296753e-02
1.131644658744335175e-02
1.134444400668144226e-02
1.133842952549457550e-02
1.130184531211853027e-02
1.135016698390245438e-02
1.131905056536197662e-02
1.145044062286615372e-02
1.133015379309654236e-02
1.147305872291326523e-02
1.116116251796483994e-02
1.124364789575338364e-02
1.128176320344209671e-02
1.150099001824855804e-02
1.136308442801237106e-02
1.138453092426061630e-02
1.137464493513107300e-02
1.132860220968723297e-02
1.131852716207504272e-02
1.134405191987752914e-02
1.129611395299434662e-02
1.134954299777746201e-02
1.129985880106687546e-02
1.135317236185073853e-02
1.138206664472818375e-02
1.132289227098226547e-02
1.158092077821493149e-02
1.131578721106052399e-02
1.144527271389961243e-02
1.139078848063945770e-02
1.138264220207929611e-02
1.157527603209018707e-02
1.139238383620977402e-02
1.133503299206495285e-02
1.123786997050046921e-02
1.117672864347696304e-02
1.118030399084091187e-02
1.142792217433452606e-02
1.131550036370754242e-02
1.143460907042026520e-02
1.131107006222009659e-02
1.129435840994119644e-02
1.129760965704917908e-02
1.132164895534515381e-02
1.131616812199354172e-02
1.127475686371326447e-02
1.130072493106126785e-02
1.127854920923709869e-02
1.128137111663818359e-02
1.138953398913145065e-02
1.129047386348247528e-02
1.150196790695190430e-02
1.133810635656118393e-02
1.149798557162284851e-02
1.145321037620306015e-02
1.137543935328722000e-02
1.162878237664699554e-02
1.148879621177911758e-02
1.145013421773910522e-02
1.136586815118789673e-02
1.146786287426948547e-02
1.143223326653242111e-02
1.141746435314416885e-02
1.147327944636344910e-02
1.175855100154876709e-02
1.137387473136186600e-02
1.143015269190073013e-02
1.143856998533010483e-02
1.141268573701381683e-02
1.131976209580898285e-02
1.138691883534193039e-02
1.143033057451248169e-02
1.140718441456556320e-02
1.144931651651859283e-02
1.139484718441963196e-02
1.146119553595781326e-02
1.139406859874725342e-02
1.133803091943264008e-02
1.141780521720647812e-02
1.137863006442785263e-02
1.141103822737932205e-02
1.134033873677253723e-02
1.134735625237226486e-02
1.137881260365247726e-02
1.130292471498250961e-02
1.144464500248432159e-02
1.135914679616689682e-02
1.132329087704420090e-02
1.142682973295450211e-02
1.167650427669286728e-02
1.139940973371267319e-02
1.144992746412754059e-02
1.138023938983678818e-02
1.189013291150331497e-02
1.149192079901695251e-02
1.142762601375579834e-02
1.148024853318929672e-02
1.119635812938213348e-02
