-9.985424876213073730e-01
-9.985997676849365234e-01
-9.986571073532104492e-01
-9.987146258354187012e-01
-9.987719655036926270e-01
-9.988293647766113281e-01
-9.988867640495300293e-01
-9.989441037178039551e-01
-9.990013837814331055e-01
-9.990589022636413574e-01
-9.991160035133361816e-01
-9.991734623908996582e-01
-9.992311000823974609e-01
-9.992883801460266113e-01
-9.993258714675903320e-01
-9.993523955345153809e-01
-9.993789196014404297e-01
-9.994055628776550293e-01
-9.994319677352905273e-01
-9.994584918022155762e-01
-9.994851350784301758e-01
-9.995115399360656738e-01
-9.995380043983459473e-01
-9.995645284652709961e-01
-9.995910525321960449e-01
-9.996175765991210938e-01
-9.996441006660461426e-01
-9.996703863143920898e-01
-9.996970295906066895e-01
-9.997235536575317383e-01
-9.997500777244567871e-01
-9.997764825820922852e-01
-9.998030066490173340e-01
-9.998295307159423828e-01
-9.998560547828674316e-01
-9.998824000358581543e-01
-9.999090433120727539e-01
-9.999355673789978027e-01
-9.999620914459228516e-01
-9.999886155128479004e-01
-1.000000000000000000e+00
-9.999946951866149902e-01
-9.999895691871643066e-01
-9.999813437461853027e-01
-9.999732375144958496e-01
-9.999649524688720703e-01
-9.999567270278930664e-01
-9.999484419822692871e-01
-9.999402165412902832e-01
-9.999320507049560547e-01
-9.999237060546875000e-01
-9.999155998229980469e-01
-9.999071955680847168e-01
-9.998990297317504883e-01
-9.998908042907714844e-01
-9.998825788497924805e-01
-9.998744130134582520e-01
-9.998661875724792480e-01
-9.998580217361450195e-01
-9.998497962951660156e-01
-9.998415112495422363e-01
-9.998332858085632324e-01
-9.997053146362304688e-01
-9.993384480476379395e-01
-9.991970062255859375e-01
-9.990718960762023926e-01
-9.988332986831665039e-01
-9.985943436622619629e-01
-9.983958005905151367e-01
-9.983949065208435059e-01
-9.984004497528076172e-01
-9.984061121940612793e-01
-9.984118938446044922e-01
-9.984174370765686035e-01
-9.984230399131774902e-01
-9.984287023544311523e-01
-9.984342455863952637e-01
-9.984397888183593750e-01
-9.984455108642578125e-01
-9.984512925148010254e-01
-9.984567165374755859e-01
-9.984623789787292480e-01
-9.984681010246276855e-01
-9.986943602561950684e-01
-9.989849925041198730e-01
-9.989734888076782227e-01
-9.989327192306518555e-01
-9.988916516304016113e-01
-9.988510012626647949e-01
-9.988100528717041016e-01
-9.987691640853881836e-01
-9.987282752990722656e-01
-9.986873269081115723e-01
-9.986463189125061035e-01
-9.986055493354797363e-01
-9.984180331230163574e-01
-9.980686306953430176e-01
-9.979007244110107422e-01
-9.979303479194641113e-01
-9.978566169738769531e-01
-9.977825284004211426e-01
-9.977085590362548828e-01
-9.976346492767333984e-01
-9.976841807365417480e-01
-9.978986382484436035e-01
-9.979251623153686523e-01
-9.977940320968627930e-01
-9.976627826690673828e-01
-9.975675344467163086e-01
-9.974812269210815430e-01
-9.973949193954467773e-01
-9.973088502883911133e-01
-9.971701502799987793e-01
-9.970276355743408203e-01
-9.968851208686828613e-01
-9.967424869537353516e-01
-9.965999126434326172e-01
-9.964575171470642090e-01
-9.960113763809204102e-01
-9.952813982963562012e-01
-9.949984550476074219e-01
-9.935007095336914062e-01
-9.232794642448425293e-01
-6.199318766593933105e-01
-3.165506124496459961e-01
-1.316940784454345703e-02
2.902119159698486328e-01
5.936412811279296875e-01
8.970810174942016602e-01
9.918620586395263672e-01
9.924861192703247070e-01
9.930170774459838867e-01
9.933170080184936523e-01
9.935641288757324219e-01
9.938114881515502930e-01
9.940541982650756836e-01
9.942152500152587891e-01
9.943763017654418945e-01
9.945199489593505859e-01
9.945369958877563477e-01
9.947397708892822266e-01
9.946669340133666992e-01
9.951919317245483398e-01
9.958422183990478516e-01
9.959583282470703125e-01
9.963421821594238281e-01
9.967797994613647461e-01
9.971972703933715820e-01
9.974116086959838867e-01
9.981017112731933594e-01
9.987488985061645508e-01
9.990454912185668945e-01
9.989445209503173828e-01
9.990105628967285156e-01
9.987715482711791992e-01
9.985011816024780273e-01
9.982309341430664062e-01
9.981459379196166992e-01
9.983060359954833984e-01
9.985250234603881836e-01
9.985450506210327148e-01
9.982527494430541992e-01
9.977852106094360352e-01
9.975662231445312500e-01
9.977401494979858398e-01
9.977746009826660156e-01
9.978551864624023438e-01
9.979356527328491211e-01
9.980162382125854492e-01
9.980466365814208984e-01
9.981278181076049805e-01
9.982092380523681641e-01
9.982901811599731445e-01
9.983716011047363281e-01
9.984261989593505859e-01
9.984662532806396484e-01
9.985066652297973633e-01
9.985469579696655273e-01
9.985872507095336914e-01
9.986275434494018555e-01
9.986677169799804688e-01
9.987080097198486328e-01
9.987401962280273438e-01
9.987467527389526367e-01
9.987574815750122070e-01
9.987964630126953125e-01
9.988403320312500000e-01
9.988633394241333008e-01
9.988865852355957031e-01
9.989093542098999023e-01
9.989323616027832031e-01
9.989553689956665039e-01
9.989650249481201172e-01
9.989699125289916992e-01
9.993420839309692383e-01
9.996060132980346680e-01
9.996159076690673828e-01
9.996256828308105469e-01
9.996354579925537109e-01
9.996449947357177734e-01
9.996548891067504883e-01
9.996644258499145508e-01
9.996742010116577148e-01
9.996840953826904297e-01
9.996938705444335938e-01
9.997034072875976562e-01
9.997131824493408203e-01
9.997228384017944336e-01
9.997326135635375977e-01
9.997423887252807617e-01
9.997521638870239258e-01
9.997618198394775391e-01
9.997713565826416016e-01
9.997811317443847656e-01
9.997910261154174805e-01
9.998008012771606445e-01
9.998103380203247070e-01
9.998202323913574219e-01
9.998297691345214844e-01
9.998395442962646484e-01
9.998493194580078125e-01
9.998592138290405273e-01
9.998689889907836914e-01
9.998806715011596680e-01
9.999030828475952148e-01
9.999256134033203125e-01
9.999501705169677734e-01
1.000000000000000000e+00
9.999976158142089844e-01
9.999754428863525391e-01
9.999531507492065430e-01
9.999307394027709961e-01
9.999082088470458984e-01
9.998860359191894531e-01
9.998636245727539062e-01
9.998412132263183594e-01
9.998191595077514648e-01
9.997967481613159180e-01
9.997743368148803711e-01
9.997520446777343750e-01
9.997296333312988281e-01
9.997071027755737305e-01
9.996849298477172852e-01
9.996625185012817383e-01
9.996401071548461914e-01
9.996178150177001953e-01
9.995954036712646484e-01
9.995729923248291016e-01
9.995507001876831055e-01
9.995285272598266602e-01
9.995058774948120117e-01
9.994837045669555664e-01
9.994616508483886719e-01
9.994390010833740234e-01
9.994165897369384766e-01
9.993942975997924805e-01
